    1        5.00000000000E-01       -5.00000000000E-01       -5.00000000000E-01       -5.00000000000E-01
    2       -1.00000000000E+00        0.00000000000E+00        0.00000000000E+00        0.00000000000E+00
    3        5.00000000000E-01        5.00000000000E-01        5.00000000000E-01        5.00000000000E-01
    4        5.00000000000E-01       -5.00000000000E-01       -5.00000000000E-01       -5.00000000000E-01
    5       -1.00000000000E+00        0.00000000000E+00        0.00000000000E+00        0.00000000000E+00
    6        5.00000000000E-01        5.00000000000E-01        5.00000000000E-01        5.00000000000E-01
    7        5.00000000000E-01       -5.00000000000E-01       -5.00000000000E-01       -5.00000000000E-01
    8       -1.00000000000E+00        0.00000000000E+00        0.00000000000E+00        0.00000000000E+00
    9        5.00000000000E-01        5.00000000000E-01        5.00000000000E-01        5.00000000000E-01
   10        5.00000000000E-01       -5.00000000000E-01       -5.00000000000E-01       -5.00000000000E-01
 -180       -1.29893408435E-16        7.07106781187E-01       -1.29893408435E-16       -7.07106781187E-01
 -178       -1.23407149398E-02        7.06999085399E-01       -1.23407149398E-02       -7.06999085399E-01
 -176       -2.46776707783E-02        7.06676030841E-01       -2.46776707783E-02       -7.06676030841E-01
 -174       -3.70071095593E-02        7.06137715918E-01       -3.70071095593E-02       -7.06137715918E-01
 -172       -4.93252756161E-02        7.05384304607E-01       -4.93252756161E-02       -7.05384304607E-01
 -170       -6.16284167162E-02        7.04416026403E-01       -6.16284167162E-02       -7.04416026403E-01
 -168       -7.39127852036E-02        7.03233176253E-01       -7.39127852036E-02       -7.03233176253E-01
 -166       -8.61746391405E-02        7.01836114466E-01       -8.61746391405E-02       -7.01836114466E-01
 -164       -9.84102434476E-02        7.00225266600E-01       -9.84102434476E-02       -7.00225266600E-01
 -162       -1.10615871041E-01        6.98401123334E-01       -1.10615871041E-01       -6.98401123334E-01
 -160       -1.22787803969E-01        6.96364240320E-01       -1.22787803969E-01       -6.96364240320E-01
 -158       -1.34922334542E-01        6.94115238013E-01       -1.34922334542E-01       -6.94115238013E-01
 -156       -1.47015766465E-01        6.91654801480E-01       -1.47015766465E-01       -6.91654801480E-01
 -154       -1.59064415962E-01        6.88983680195E-01       -1.59064415962E-01       -6.88983680195E-01
 -152       -1.71064612896E-01        6.86102687806E-01       -1.71064612896E-01       -6.86102687806E-01
 -150       -1.83012701892E-01        6.83012701892E-01       -1.83012701892E-01       -6.83012701892E-01
 -148       -1.94905043447E-01        6.79714663693E-01       -1.94905043447E-01       -6.79714663693E-01
 -146       -2.06738015037E-01        6.76209577822E-01       -2.06738015037E-01       -6.76209577822E-01
 -144       -2.18508012224E-01        6.72498511964E-01       -2.18508012224E-01       -6.72498511964E-01
 -142       -2.30211449755E-01        6.68582596544E-01       -2.30211449755E-01       -6.68582596544E-01
 -140       -2.41844762648E-01        6.64463024389E-01       -2.41844762648E-01       -6.64463024389E-01
 -138       -2.53404407283E-01        6.60141050359E-01       -2.53404407283E-01       -6.60141050359E-01
 -136       -2.64886862482E-01        6.55617990971E-01       -2.64886862482E-01       -6.55617990971E-01
 -134       -2.76288630575E-01        6.50895223991E-01       -2.76288630575E-01       -6.50895223991E-01
 -132       -2.87606238476E-01        6.45974188021E-01       -2.87606238476E-01       -6.45974188021E-01
 -130       -2.98836238730E-01        6.40856382056E-01       -2.98836238730E-01       -6.40856382056E-01
 -128       -3.09975210571E-01        6.35543365028E-01       -3.09975210571E-01       -6.35543365028E-01
 -126       -3.21019760960E-01        6.30036755335E-01       -3.21019760960E-01       -6.30036755335E-01
 -124       -3.31966525620E-01        6.24338230343E-01       -3.31966525620E-01       -6.24338230343E-01
 -122       -3.42812170061E-01        6.18449525878E-01       -3.42812170061E-01       -6.18449525878E-01
 -120       -3.53553390593E-01        6.12372435696E-01       -3.53553390593E-01       -6.12372435696E-01
 -118       -3.64186915338E-01        6.06108810938E-01       -3.64186915338E-01       -6.06108810938E-01
 -116       -3.74709505221E-01        5.99660559565E-01       -3.74709505221E-01       -5.99660559565E-01
 -114       -3.85117954958E-01        5.93029645776E-01       -3.85117954958E-01       -5.93029645776E-01
 -112       -3.95409094036E-01        5.86218089412E-01       -3.95409094036E-01       -5.86218089412E-01
 -110       -4.05579787673E-01        5.79227965340E-01       -4.05579787673E-01       -5.79227965340E-01
 -108       -4.15626937777E-01        5.72061402818E-01       -4.15626937777E-01       -5.72061402818E-01
 -106       -4.25547483891E-01        5.64720584851E-01       -4.25547483891E-01       -5.64720584851E-01
 -104       -4.35338404118E-01        5.57207747523E-01       -4.35338404118E-01       -5.57207747523E-01
 -102       -4.44996716050E-01        5.49525179318E-01       -4.44996716050E-01       -5.49525179318E-01
 -100       -4.54519477672E-01        5.41675220420E-01       -4.54519477672E-01       -5.41675220420E-01
  -98       -4.63903788258E-01        5.33660262002E-01       -4.63903788258E-01       -5.33660262002E-01
  -96       -4.73146789256E-01        5.25482745499E-01       -4.73146789256E-01       -5.25482745499E-01
  -94       -4.82245665158E-01        5.17145161861E-01       -4.82245665158E-01       -5.17145161861E-01
  -92       -4.91197644360E-01        5.08650050797E-01       -4.91197644360E-01       -5.08650050797E-01
  -90       -5.00000000000E-01        5.00000000000E-01       -5.00000000000E-01       -5.00000000000E-01
  -88       -5.08650050797E-01        4.91197644360E-01       -5.08650050797E-01       -4.91197644360E-01
  -86       -5.17145161861E-01        4.82245665158E-01       -5.17145161861E-01       -4.82245665158E-01
  -84       -5.25482745499E-01        4.73146789256E-01       -5.25482745499E-01       -4.73146789256E-01
  -82       -5.33660262002E-01        4.63903788258E-01       -5.33660262002E-01       -4.63903788258E-01
  -80       -5.41675220420E-01        4.54519477672E-01       -5.41675220420E-01       -4.54519477672E-01
  -78       -5.49525179318E-01        4.44996716050E-01       -5.49525179318E-01       -4.44996716050E-01
  -76       -5.57207747523E-01        4.35338404118E-01       -5.57207747523E-01       -4.35338404118E-01
  -74       -5.64720584851E-01        4.25547483891E-01       -5.64720584851E-01       -4.25547483891E-01
  -72       -5.72061402818E-01        4.15626937777E-01       -5.72061402818E-01       -4.15626937777E-01
  -70       -5.79227965340E-01        4.05579787673E-01       -5.79227965340E-01       -4.05579787673E-01
  -68       -5.86218089412E-01        3.95409094036E-01       -5.86218089412E-01       -3.95409094036E-01
  -66       -5.93029645776E-01        3.85117954958E-01       -5.93029645776E-01       -3.85117954958E-01
  -64       -5.99660559565E-01        3.74709505221E-01       -5.99660559565E-01       -3.74709505221E-01
  -62       -6.06108810938E-01        3.64186915338E-01       -6.06108810938E-01       -3.64186915338E-01
  -60       -6.12372435696E-01        3.53553390593E-01       -6.12372435696E-01       -3.53553390593E-01
  -58       -6.18449525878E-01        3.42812170061E-01       -6.18449525878E-01       -3.42812170061E-01
  -56       -6.24338230343E-01        3.31966525620E-01       -6.24338230343E-01       -3.31966525620E-01
  -54       -6.30036755335E-01        3.21019760960E-01       -6.30036755335E-01       -3.21019760960E-01
  -52       -6.35543365028E-01        3.09975210571E-01       -6.35543365028E-01       -3.09975210571E-01
  -50       -6.40856382056E-01        2.98836238730E-01       -6.40856382056E-01       -2.98836238730E-01
  -48       -6.45974188021E-01        2.87606238476E-01       -6.45974188021E-01       -2.87606238476E-01
  -46       -6.50895223991E-01        2.76288630575E-01       -6.50895223991E-01       -2.76288630575E-01
  -44       -6.55617990971E-01        2.64886862482E-01       -6.55617990971E-01       -2.64886862482E-01
  -42       -6.60141050359E-01        2.53404407283E-01       -6.60141050359E-01       -2.53404407283E-01
  -40       -6.64463024389E-01        2.41844762648E-01       -6.64463024389E-01       -2.41844762648E-01
  -38       -6.68582596544E-01        2.30211449755E-01       -6.68582596544E-01       -2.30211449755E-01
  -36       -6.72498511964E-01        2.18508012224E-01       -6.72498511964E-01       -2.18508012224E-01
  -34       -6.76209577822E-01        2.06738015037E-01       -6.76209577822E-01       -2.06738015037E-01
  -32       -6.79714663693E-01        1.94905043447E-01       -6.79714663693E-01       -1.94905043447E-01
  -30       -6.83012701892E-01        1.83012701892E-01       -6.83012701892E-01       -1.83012701892E-01
  -28       -6.86102687806E-01        1.71064612896E-01       -6.86102687806E-01       -1.71064612896E-01
  -26       -6.88983680195E-01        1.59064415962E-01       -6.88983680195E-01       -1.59064415962E-01
  -24       -6.91654801480E-01        1.47015766465E-01       -6.91654801480E-01       -1.47015766465E-01
  -22       -6.94115238013E-01        1.34922334542E-01       -6.94115238013E-01       -1.34922334542E-01
  -20       -6.96364240320E-01        1.22787803969E-01       -6.96364240320E-01       -1.22787803969E-01
  -18       -6.98401123334E-01        1.10615871041E-01       -6.98401123334E-01       -1.10615871041E-01
  -16       -7.00225266600E-01        9.84102434476E-02       -7.00225266600E-01       -9.84102434476E-02
  -14       -7.01836114466E-01        8.61746391405E-02       -7.01836114466E-01       -8.61746391405E-02
  -12       -7.03233176253E-01        7.39127852036E-02       -7.03233176253E-01       -7.39127852036E-02
  -10       -7.04416026403E-01        6.16284167162E-02       -7.04416026403E-01       -6.16284167162E-02
   -8       -7.05384304607E-01        4.93252756161E-02       -7.05384304607E-01       -4.93252756161E-02
   -6       -7.06137715918E-01        3.70071095593E-02       -7.06137715918E-01       -3.70071095593E-02
   -4       -7.06676030841E-01        2.46776707783E-02       -7.06676030841E-01       -2.46776707783E-02
   -2       -7.06999085399E-01        1.23407149398E-02       -7.06999085399E-01       -1.23407149398E-02
    0       -7.07106781187E-01       -8.65956056235E-17       -7.07106781187E-01        8.65956056235E-17
    2       -7.06999085399E-01       -1.23407149398E-02       -7.06999085399E-01        1.23407149398E-02
    4       -7.06676030841E-01       -2.46776707783E-02       -7.06676030841E-01        2.46776707783E-02
    6       -7.06137715918E-01       -3.70071095593E-02       -7.06137715918E-01        3.70071095593E-02
    8       -7.05384304607E-01       -4.93252756161E-02       -7.05384304607E-01        4.93252756161E-02
   10       -7.04416026403E-01       -6.16284167162E-02       -7.04416026403E-01        6.16284167162E-02
   12       -7.03233176253E-01       -7.39127852036E-02       -7.03233176253E-01        7.39127852036E-02
   14       -7.01836114466E-01       -8.61746391405E-02       -7.01836114466E-01        8.61746391405E-02
   16       -7.00225266600E-01       -9.84102434476E-02       -7.00225266600E-01        9.84102434476E-02
   18       -6.98401123334E-01       -1.10615871041E-01       -6.98401123334E-01        1.10615871041E-01
   20       -6.96364240320E-01       -1.22787803969E-01       -6.96364240320E-01        1.22787803969E-01
   22       -6.94115238013E-01       -1.34922334542E-01       -6.94115238013E-01        1.34922334542E-01
   24       -6.91654801480E-01       -1.47015766465E-01       -6.91654801480E-01        1.47015766465E-01
   26       -6.88983680195E-01       -1.59064415962E-01       -6.88983680195E-01        1.59064415962E-01
   28       -6.86102687806E-01       -1.71064612896E-01       -6.86102687806E-01        1.71064612896E-01
   30       -6.83012701892E-01       -1.83012701892E-01       -6.83012701892E-01        1.83012701892E-01
   32       -6.79714663693E-01       -1.94905043447E-01       -6.79714663693E-01        1.94905043447E-01
   34       -6.76209577822E-01       -2.06738015037E-01       -6.76209577822E-01        2.06738015037E-01
   36       -6.72498511964E-01       -2.18508012224E-01       -6.72498511964E-01        2.18508012224E-01
   38       -6.68582596544E-01       -2.30211449755E-01       -6.68582596544E-01        2.30211449755E-01
   40       -6.64463024389E-01       -2.41844762648E-01       -6.64463024389E-01        2.41844762648E-01
   42       -6.60141050359E-01       -2.53404407283E-01       -6.60141050359E-01        2.53404407283E-01
   44       -6.55617990971E-01       -2.64886862482E-01       -6.55617990971E-01        2.64886862482E-01
   46       -6.50895223991E-01       -2.76288630575E-01       -6.50895223991E-01        2.76288630575E-01
   48       -6.45974188021E-01       -2.87606238476E-01       -6.45974188021E-01        2.87606238476E-01
   50       -6.40856382056E-01       -2.98836238730E-01       -6.40856382056E-01        2.98836238730E-01
   52       -6.35543365028E-01       -3.09975210571E-01       -6.35543365028E-01        3.09975210571E-01
   54       -6.30036755335E-01       -3.21019760960E-01       -6.30036755335E-01        3.21019760960E-01
   56       -6.24338230343E-01       -3.31966525620E-01       -6.24338230343E-01        3.31966525620E-01
   58       -6.18449525878E-01       -3.42812170061E-01       -6.18449525878E-01        3.42812170061E-01
   60       -6.12372435696E-01       -3.53553390593E-01       -6.12372435696E-01        3.53553390593E-01
   62       -6.06108810938E-01       -3.64186915338E-01       -6.06108810938E-01        3.64186915338E-01
   64       -5.99660559565E-01       -3.74709505221E-01       -5.99660559565E-01        3.74709505221E-01
   66       -5.93029645776E-01       -3.85117954958E-01       -5.93029645776E-01        3.85117954958E-01
   68       -5.86218089412E-01       -3.95409094036E-01       -5.86218089412E-01        3.95409094036E-01
   70       -5.79227965340E-01       -4.05579787673E-01       -5.79227965340E-01        4.05579787673E-01
   72       -5.72061402818E-01       -4.15626937777E-01       -5.72061402818E-01        4.15626937777E-01
   74       -5.64720584851E-01       -4.25547483891E-01       -5.64720584851E-01        4.25547483891E-01
   76       -5.57207747523E-01       -4.35338404118E-01       -5.57207747523E-01        4.35338404118E-01
   78       -5.49525179318E-01       -4.44996716050E-01       -5.49525179318E-01        4.44996716050E-01
   80       -5.41675220420E-01       -4.54519477672E-01       -5.41675220420E-01        4.54519477672E-01
   82       -5.33660262002E-01       -4.63903788258E-01       -5.33660262002E-01        4.63903788258E-01
   84       -5.25482745499E-01       -4.73146789256E-01       -5.25482745499E-01        4.73146789256E-01
   86       -5.17145161861E-01       -4.82245665158E-01       -5.17145161861E-01        4.82245665158E-01
   88       -5.08650050797E-01       -4.91197644360E-01       -5.08650050797E-01        4.91197644360E-01
   90       -5.00000000000E-01       -5.00000000000E-01       -5.00000000000E-01        5.00000000000E-01
   92       -4.91197644360E-01       -5.08650050797E-01       -4.91197644360E-01        5.08650050797E-01
   94       -4.82245665158E-01       -5.17145161861E-01       -4.82245665158E-01        5.17145161861E-01
   96       -4.73146789256E-01       -5.25482745499E-01       -4.73146789256E-01        5.25482745499E-01
   98       -4.63903788258E-01       -5.33660262002E-01       -4.63903788258E-01        5.33660262002E-01
  100       -4.54519477672E-01       -5.41675220420E-01       -4.54519477672E-01        5.41675220420E-01
  102       -4.44996716050E-01       -5.49525179318E-01       -4.44996716050E-01        5.49525179318E-01
  104       -4.35338404118E-01       -5.57207747523E-01       -4.35338404118E-01        5.57207747523E-01
  106       -4.25547483891E-01       -5.64720584851E-01       -4.25547483891E-01        5.64720584851E-01
  108       -4.15626937777E-01       -5.72061402818E-01       -4.15626937777E-01        5.72061402818E-01
  110       -4.05579787673E-01       -5.79227965340E-01       -4.05579787673E-01        5.79227965340E-01
  112       -3.95409094036E-01       -5.86218089412E-01       -3.95409094036E-01        5.86218089412E-01
  114       -3.85117954958E-01       -5.93029645776E-01       -3.85117954958E-01        5.93029645776E-01
  116       -3.74709505221E-01       -5.99660559565E-01       -3.74709505221E-01        5.99660559565E-01
  118       -3.64186915338E-01       -6.06108810938E-01       -3.64186915338E-01        6.06108810938E-01
  120       -3.53553390593E-01       -6.12372435696E-01       -3.53553390593E-01        6.12372435696E-01
  122       -3.42812170061E-01       -6.18449525878E-01       -3.42812170061E-01        6.18449525878E-01
  124       -3.31966525620E-01       -6.24338230343E-01       -3.31966525620E-01        6.24338230343E-01
  126       -3.21019760960E-01       -6.30036755335E-01       -3.21019760960E-01        6.30036755335E-01
  128       -3.09975210571E-01       -6.35543365028E-01       -3.09975210571E-01        6.35543365028E-01
  130       -2.98836238730E-01       -6.40856382056E-01       -2.98836238730E-01        6.40856382056E-01
  132       -2.87606238476E-01       -6.45974188021E-01       -2.87606238476E-01        6.45974188021E-01
  134       -2.76288630575E-01       -6.50895223991E-01       -2.76288630575E-01        6.50895223991E-01
  136       -2.64886862482E-01       -6.55617990971E-01       -2.64886862482E-01        6.55617990971E-01
  138       -2.53404407283E-01       -6.60141050359E-01       -2.53404407283E-01        6.60141050359E-01
  140       -2.41844762648E-01       -6.64463024389E-01       -2.41844762648E-01        6.64463024389E-01
  142       -2.30211449755E-01       -6.68582596544E-01       -2.30211449755E-01        6.68582596544E-01
  144       -2.18508012224E-01       -6.72498511964E-01       -2.18508012224E-01        6.72498511964E-01
  146       -2.06738015037E-01       -6.76209577822E-01       -2.06738015037E-01        6.76209577822E-01
  148       -1.94905043447E-01       -6.79714663693E-01       -1.94905043447E-01        6.79714663693E-01
  150       -1.83012701892E-01       -6.83012701892E-01       -1.83012701892E-01        6.83012701892E-01
  152       -1.71064612896E-01       -6.86102687806E-01       -1.71064612896E-01        6.86102687806E-01
  154       -1.59064415962E-01       -6.88983680195E-01       -1.59064415962E-01        6.88983680195E-01
  156       -1.47015766465E-01       -6.91654801480E-01       -1.47015766465E-01        6.91654801480E-01
  158       -1.34922334542E-01       -6.94115238013E-01       -1.34922334542E-01        6.94115238013E-01
  160       -1.22787803969E-01       -6.96364240320E-01       -1.22787803969E-01        6.96364240320E-01
  162       -1.10615871041E-01       -6.98401123334E-01       -1.10615871041E-01        6.98401123334E-01
  164       -9.84102434476E-02       -7.00225266600E-01       -9.84102434476E-02        7.00225266600E-01
  166       -8.61746391405E-02       -7.01836114466E-01       -8.61746391405E-02        7.01836114466E-01
  168       -7.39127852036E-02       -7.03233176253E-01       -7.39127852036E-02        7.03233176253E-01
  170       -6.16284167162E-02       -7.04416026403E-01       -6.16284167162E-02        7.04416026403E-01
  172       -4.93252756161E-02       -7.05384304607E-01       -4.93252756161E-02        7.05384304607E-01
  174       -3.70071095593E-02       -7.06137715918E-01       -3.70071095593E-02        7.06137715918E-01
  176       -2.46776707783E-02       -7.06676030841E-01       -2.46776707783E-02        7.06676030841E-01
  178       -1.23407149398E-02       -7.06999085399E-01       -1.23407149398E-02        7.06999085399E-01
  180        4.32978028118E-17       -7.07106781187E-01        4.32978028118E-17        7.07106781187E-01
    4        1.15641005824E+02       -3.97663854021E+01        1.15641005824E+02
    8        1.14702430228E+02       -3.77362618646E+01        1.14702430228E+02
   12        1.13749494493E+02       -3.57227856901E+01        1.13749494493E+02
   16        1.12782405730E+02       -3.37287464827E+01        1.12782405730E+02
   20        1.11801409486E+02       -3.17568638593E+01        1.11801409486E+02
   24        1.10806791013E+02       -2.98097701111E+01        1.10806791013E+02
   28        1.09798876355E+02       -2.78899939610E+01        1.09798876355E+02
   32        1.08778033222E+02       -2.59999456348E+01        1.08778033222E+02
   36        1.07744671625E+02       -2.41419034326E+01        1.07744671625E+02
   40        1.06699244234E+02       -2.23180019472E+01        1.06699244234E+02
   44        1.05642246457E+02       -2.05302220378E+01        1.05642246457E+02
   48        1.04574216198E+02       -1.87803826263E+01        1.04574216198E+02
   52        1.03495733281E+02       -1.70701343450E+01        1.03495733281E+02
   56        1.02407418527E+02       -1.54009550273E+01        1.02407418527E+02
   60        1.01309932474E+02       -1.37741469980E+01        1.01309932474E+02
   64        1.00203973722E+02       -1.21908360928E+01        1.00203973722E+02
   68        9.90902769208E+01       -1.06519723069E+01        9.90902769208E+01
   72        9.79696103943E+01       -9.15833195769E+00        9.79696103943E+01
   76        9.68427734126E+01       -7.71052122519E+00        9.68427734126E+01
   80        9.57105931375E+01       -6.30898092713E+00        9.57105931375E+01
   84        9.45739212599E+01       -4.95399237736E+00        9.45739212599E+01
   88        9.34336303625E+01       -3.64568417376E+00        9.34336303625E+01
   92        9.22906100426E+01       -2.38403976323E+00        9.22906100426E+01
   96        9.11457628382E+01       -1.16890563503E+00        9.11457628382E+01
  100        9.00000000000E+01        0.00000000000E+00        9.00000000000E+01
    1        2.06040000000E+00        2.02000000000E+00       -1.02000000000E+00
    5        2.14120000000E+00        1.93920000000E+00       -1.01760000000E+00
    9        2.22200000000E+00        1.85840000000E+00       -1.01200000000E+00
   13        2.30280000000E+00        1.77760000000E+00       -1.00320000000E+00
   17        2.38360000000E+00        1.69680000000E+00       -9.91200000000E-01
   21        2.46440000000E+00        1.61600000000E+00       -9.76000000000E-01
   25        2.54520000000E+00        1.53520000000E+00       -9.57600000000E-01
   29        2.62600000000E+00        1.45440000000E+00       -9.36000000000E-01
   33        2.70680000000E+00        1.37360000000E+00       -9.11200000000E-01
   37        2.78760000000E+00        1.29280000000E+00       -8.83200000000E-01
   41        2.86840000000E+00        1.21200000000E+00       -8.52000000000E-01
   45        2.94920000000E+00        1.13120000000E+00       -8.17600000000E-01
   49        3.03000000000E+00        1.05040000000E+00       -7.80000000000E-01
   53        3.11080000000E+00        9.69600000000E-01       -7.39200000000E-01
   57        3.19160000000E+00        8.88800000000E-01       -6.95200000000E-01
   61        3.27240000000E+00        8.08000000000E-01       -6.48000000000E-01
   65        3.35320000000E+00        7.27200000000E-01       -5.97600000000E-01
   69        3.43400000000E+00        6.46400000000E-01       -5.44000000000E-01
   73        3.51480000000E+00        5.65600000000E-01       -4.87200000000E-01
   77        3.59560000000E+00        4.84800000000E-01       -4.27200000000E-01
   81        3.67640000000E+00        4.04000000000E-01       -3.64000000000E-01
   85        3.75720000000E+00        3.23200000000E-01       -2.97600000000E-01
   89        3.83800000000E+00        2.42400000000E-01       -2.28000000000E-01
   93        3.91880000000E+00        1.61600000000E-01       -1.55200000000E-01
   97        3.99960000000E+00        8.08000000000E-02       -7.92000000000E-02
  101        4.08040000000E+00        0.00000000000E+00        0.00000000000E+00
    1        2.02000000000E+00        2.06040000000E+00       -1.02000000000E+00
    5        1.93920000000E+00        2.14120000000E+00       -1.01760000000E+00
    9        1.85840000000E+00        2.22200000000E+00       -1.01200000000E+00
   13        1.77760000000E+00        2.30280000000E+00       -1.00320000000E+00
   17        1.69680000000E+00        2.38360000000E+00       -9.91200000000E-01
   21        1.61600000000E+00        2.46440000000E+00       -9.76000000000E-01
   25        1.53520000000E+00        2.54520000000E+00       -9.57600000000E-01
   29        1.45440000000E+00        2.62600000000E+00       -9.36000000000E-01
   33        1.37360000000E+00        2.70680000000E+00       -9.11200000000E-01
   37        1.29280000000E+00        2.78760000000E+00       -8.83200000000E-01
   41        1.21200000000E+00        2.86840000000E+00       -8.52000000000E-01
   45        1.13120000000E+00        2.94920000000E+00       -8.17600000000E-01
   49        1.05040000000E+00        3.03000000000E+00       -7.80000000000E-01
   53        9.69600000000E-01        3.11080000000E+00       -7.39200000000E-01
   57        8.88800000000E-01        3.19160000000E+00       -6.95200000000E-01
   61        8.08000000000E-01        3.27240000000E+00       -6.48000000000E-01
   65        7.27200000000E-01        3.35320000000E+00       -5.97600000000E-01
   69        6.46400000000E-01        3.43400000000E+00       -5.44000000000E-01
   73        5.65600000000E-01        3.51480000000E+00       -4.87200000000E-01
   77        4.84800000000E-01        3.59560000000E+00       -4.27200000000E-01
   81        4.04000000000E-01        3.67640000000E+00       -3.64000000000E-01
   85        3.23200000000E-01        3.75720000000E+00       -2.97600000000E-01
   89        2.42400000000E-01        3.83800000000E+00       -2.28000000000E-01
   93        1.61600000000E-01        3.91880000000E+00       -1.55200000000E-01
   97        8.08000000000E-02        3.99960000000E+00       -7.92000000000E-02
  101        0.00000000000E+00        4.08040000000E+00        0.00000000000E+00
