  Time[s]              u[ft/s]            v[ft/s]                w[ft/s]              p[rad/s]             q[rad/s]             r[rad/s]             x[ft]                y[ft]                z[ft]                e0                   ex                   ey                    ez
  0.000000000000e+00   2.100000000000e+02   0.000000000000e+00   0.000000000000e+00   0.000000000000e+00   0.000000000000e+00   0.000000000000e+00   0.000000000000e+00   0.000000000000e+00  -5.000000000000e+00   9.990482215819e-01   0.000000000000e+00   4.361938736534e-02   0.000000000000e+00
  5.000000000000e-03   2.098517035733e+02   8.180660278006e-03   1.599443577572e-01   1.977316415269e+01  -1.340595552941e-04   6.792151361924e-06   1.045723118936e+00   3.657506905592e-07  -5.091086695148e+00   9.987339041341e-01   2.552009915090e-02   4.360555185220e-02  -1.114229457058e-03
  1.000000000000e-02   2.097035624972e+02   6.097738605541e-02   3.140746909907e-01   3.594806189982e+01  -5.254452619879e-04   1.010622689514e-04   2.090765172306e+00   7.333254771750e-07  -5.181309675189e+00   9.944792013149e-01   9.564144997472e-02   4.341900824434e-02  -4.175712284123e-03
  1.500000000000e-02   2.095555511658e+02   1.890664507709e-01   4.401816063963e-01   4.917887098771e+01  -1.103874016518e-03   4.693343468232e-04   3.135132769297e+00   1.265197327178e-06  -5.270670164171e+00   9.785898636951e-01   2.012667643142e-01   4.272320287769e-02  -8.786897487177e-03
  2.000000000000e-02   2.094076763579e+02   4.004796944188e-01   4.956910014874e-01   6.000049671377e+01  -1.660293435903e-03   1.324650831783e-03   4.178828371086e+00   2.103208487070e-06  -5.359169014645e+00   9.419603119073e-01   3.329625241853e-01   4.112015143372e-02  -1.453510992119e-02
  2.500000000000e-02   2.092599978736e+02   6.693558055592e-01   4.274944512681e-01   6.885038672074e+01  -1.803598195739e-03   2.768820825064e-03   5.221852607703e+00   3.341457945963e-06  -5.446806962718e+00   8.761960598336e-01   4.800399283592e-01   3.824334887350e-02  -2.095239925710e-02
  3.000000000000e-02   2.091125977957e+02   9.297348417519e-01   1.937042875043e-01   7.608634371079e+01  -1.022400110199e-03   4.624716732415e-03   6.264205784805e+00   5.017182804770e-06  -5.533584766772e+00   7.751716470304e-01   6.302935031440e-01   3.382608516984e-02  -2.750427792862e-02
  3.500000000000e-02   2.089654675889e+02   1.083497117841e+00  -2.087447947982e-01   8.200106430093e+01   1.115185762450e-03   6.317160406922e-03   7.305888378421e+00   7.104684818517e-06  -5.619503238036e+00   6.361534732959e-01   7.703712545254e-01   2.775072322095e-02  -3.360622359411e-02
  4.000000000000e-02   2.088183903039e+02   1.026720249721e+00  -7.219499911373e-01   8.683400206840e+01   4.662091049411e-03   6.908561570256e-03   8.346900503533e+00   9.512517784064e-06  -5.704563177230e+00   4.604833867857e-01   8.866338826788e-01   2.007865086327e-02  -3.866170131361e-02
  4.500000000000e-02   2.086710028034e+02   6.900324791942e-01  -1.223412378525e+00   9.078105817102e+01   9.015617829650e-03   5.361809857724e-03   9.387240970659e+00   1.208550402823e-05  -5.788765277262e+00   2.537873235161e-01   9.663113681344e-01   1.105925417452e-02  -4.211326187918e-02
  5.000000000000e-02   2.085231280592e+02   7.949847049235e-02  -1.549518124239e+00   9.400252388151e+01   1.283467086174e-02   1.004975703848e-03   1.042690726601e+01   1.461134253223e-05  -5.872110110328e+00   2.569719539344e-02   9.987523104899e-01   1.117341573186e-03  -4.349766437867e-02
  5.500000000000e-02   2.083751267818e+02  -7.001713682751e-01  -1.544499617073e+00   9.662960922486e+01   1.429072944273e-02  -5.953707001296e-03   1.146589738845e+01   1.683030173141e-05  -5.954598280558e+00  -2.108794509486e-01   9.765742055435e-01  -9.179470954294e-03  -4.249650578656e-02
  6.000000000000e-02   2.082277833989e+02  -1.455349445416e+00  -1.121092982167e+00   9.876978904290e+01   1.167065539525e-02  -1.410206426734e-02   1.250421245526e+01   1.844634980255e-05  -6.036230646187e+00  -4.408595374389e-01   8.965551097930e-01  -1.916974332347e-02  -3.897525245931e-02
  6.500000000000e-02   2.080815753721e+02  -1.950657513867e+00  -3.105560172019e-01   1.005111238059e+02   4.176079766286e-03  -2.092525925930e-02   1.354185712052e+01   1.913827196344e-05  -6.117008352393e+00  -6.483341479236e-01   7.601526834498e-01  -2.815818516925e-02  -3.300558995740e-02
  7.000000000000e-02   2.079359501469e+02  -1.983136444972e+00   7.206040637774e-01   1.019257136262e+02  -7.384175162064e-03  -2.343710479113e-02   1.457883599302e+01   1.856961236636e-05  -6.196932517235e+00  -8.180259738281e-01   5.735888385042e-01  -3.548025084513e-02  -2.486834645646e-02
  7.500000000000e-02   2.077895593719e+02  -1.459908545675e+00   1.700512645527e+00   1.030725000050e+02  -2.035491973501e-02  -1.923034277093e-02   1.561514855191e+01   1.639717050396e-05  -6.276003789527e+00  -9.367084873447e-01   3.474904958798e-01  -4.056478553137e-02  -1.503660199856e-02
  8.000000000000e-02   2.076415691551e+02  -4.504537971355e-01   2.325479508240e+00   1.039996431255e+02  -3.068768661387e-02  -7.615357391097e-03   1.665078817044e+01   1.227800488409e-05  -6.354222266109e+00  -9.944520938156e-01   9.612360525355e-02  -4.298865762445e-02  -4.140712484778e-03
  8.500000000000e-02   2.074928085170e+02   8.099328058282e-01   2.356997372870e+00   1.047465964526e+02  -3.408553628438e-02   9.606086856441e-03   1.768574795809e+01   5.874422948058e-06  -6.431588001050e+00  -9.855852672112e-01  -1.637047581808e-01  -4.251834939223e-02   7.081306116833e-03
  9.000000000000e-02   2.073452750707e+02   1.973741925713e+00   1.710450057913e+00   1.053458344761e+02  -2.754768386561e-02   2.813897780747e-02   1.872002861558e+01  -3.142524621190e-06  -6.508101686634e+00  -9.092891429610e-01  -4.139738120176e-01  -3.913487934517e-02   1.784333069367e-02
  9.500000000000e-02   2.072001094888e+02   2.680211295376e+00   5.030432725776e-01   1.058241305266e+02  -1.079532175040e-02   4.214544162445e-02   1.975363950044e+01  -1.509027780393e-05  -6.583764743270e+00  -7.697796330786e-01  -6.368866304716e-01  -3.304007422136e-02   2.737515341717e-02
  1.000000000000e-01   2.070560824909e+02   2.670436211257e+00  -9.603606500563e-01   1.062034179214e+02   1.299676160373e-02   4.598560456417e-02   2.078658986496e+01  -3.027303289413e-05  -6.658578561873e+00  -5.760690173036e-01  -8.162932752749e-01  -2.464395843708e-02   3.498528818692e-02
  1.050000000000e-01   2.069105330925e+02   1.880966161145e+00  -2.265025974517e+00   1.065014686633e+02   3.757712910064e-02   3.625083181954e-02   2.181887828543e+01  -4.898021358942e-05  -6.732543597866e+00  -3.413349278526e-01  -9.389816066115e-01  -1.453468808118e-02   4.011721371030e-02
  1.100000000000e-01   2.067621700654e+02   4.824313736705e-01  -3.007448067964e+00   1.067326462723e+02   5.517156523302e-02   1.339412457359e-02   2.285049227799e+01  -7.148519557214e-05  -6.805659345999e+00  -8.195478707668e-02  -9.957339084436e-01  -3.433846133424e-03   4.239448168517e-02
  1.150000000000e-01   2.066127925403e+02  -1.154180119468e+00  -2.923206698575e+00   1.069087552353e+02   5.885766475720e-02  -1.770247506396e-02   2.388142049599e+01  -9.804632749801e-05  -6.877925389859e+00   1.837129418076e-01  -9.820690669004e-01   7.859021534385e-03   4.165116095407e-02
  1.200000000000e-01   2.064657292464e+02  -2.557963207450e+00  -1.980172492353e+00   1.070397405663e+02   4.504966633715e-02  -4.860001671883e-02   2.491166558840e+01  -1.289087718414e-04  -6.949342496678e+00   4.367019453210e-01  -8.986155521652e-01   1.852798356672e-02   3.794531954896e-02
  1.250000000000e-01   2.063222930299e+02  -3.297190965990e+00  -4.045182985183e-01   1.071339946538e+02   1.524038628444e-02  -6.953115510574e-02   2.594124306332e+01  -1.643047921521e-04  -7.019912510786e+00   6.588561874594e-01  -7.510901130352e-01   2.780333134861e-02   3.155466185495e-02
  1.300000000000e-01   2.061800564762e+02  -3.114773674904e+00   1.372875196527e+00   1.071983392429e+02  -2.370725452616e-02  -7.241261544225e-02   2.697016548292e+01  -2.044527971889e-04  -7.089637008841e+00   8.341821687363e-01  -5.498892850130e-01   3.502015212910e-02   2.295494528231e-02
  1.350000000000e-01   2.060351619067e+02  -2.016834717921e+00   2.836917781538e+00   1.072380453246e+02  -6.101593756403e-02  -5.372412518990e-02   2.799842807387e+01  -2.495547519465e-04  -7.158516094524e+00   9.500335857756e-01  -3.093308038532e-01   3.966830655452e-02   1.278318471071e-02
  1.400000000000e-01   2.058865037310e+02  -2.841869215931e-01   3.541027939715e+00   1.072571847863e+02  -8.493507320641e-02  -1.627084005155e-02   2.902601220140e+01  -2.997953756175e-04  -7.226548706592e+00   9.980428121452e-01  -4.660599211270e-02   4.143008509617e-02   1.788743816250e-03
  1.450000000000e-01   2.057372380730e+02   1.600312224270e+00   3.245723216756e+00   1.072592072789e+02  -8.637390206834e-02   3.089238404886e-02   3.005290468693e+01  -3.553474159526e-04  -7.293734241972e+00   9.747330134212e-01   2.194773608039e-01   4.020280649043e-02  -9.223782334589e-03
  1.500000000000e-01   2.055916662290e+02   3.089308598275e+00   1.999423988525e+00   1.072473254100e+02  -6.211248268227e-02   7.456506315724e-02   3.107911285364e+01  -4.163773083479e-04  -7.360073797125e+00   8.817673120514e-01   4.698673485091e-01   3.610475722448e-02  -1.945539829562e-02
  1.550000000000e-01   2.054505901829e+02   3.733198176916e+00   1.344316415484e-01   1.072244320726e+02  -1.649876822256e-02   1.010732135818e-01   3.210465817496e+01  -4.830448061651e-04  -7.425569620452e+00   7.258189005318e-01   6.866519988193e-01   2.946420085534e-02  -2.817245524164e-02
  1.600000000000e-01   2.053102030977e+02   3.317991907670e+00  -1.823354032853e+00   1.071927430951e+02   3.907244614032e-02   1.004890600783e-01   3.312955391552e+01  -5.554968508581e-04  -7.490223264395e+00   5.180762023971e-01   8.543519046720e-01   2.079258797104e-02  -3.476067649706e-02
  1.650000000000e-01   2.051659944476e+02   1.935997788125e+00  -3.305792996109e+00   1.071536526376e+02   8.895276203014e-02   7.010489292039e-02   3.415379036300e+01  -6.338595803554e-04  -7.554034396710e+00   2.734242505538e-01   9.610287916466e-01   1.074431873398e-02  -3.876944954746e-02
  1.700000000000e-01   2.050176560430e+02  -3.383017512928e-02  -3.870431638893e+00   1.071080646489e+02   1.176381276336e-01   1.599104061250e-02   3.517734438698e+01  -7.182395246732e-04  -7.617001604564e+00   9.364123365464e-03   9.991333410115e-01   6.630999038448e-05  -3.994324257897e-02
  1.750000000000e-01   2.048696361245e+02  -2.031905970425e+00  -3.334507830329e+00   1.070569371815e+02   1.145342868431e-01  -4.802611591319e-02   3.620020417282e+01  -8.087376073455e-04  -7.679124398510e+00  -2.552514276730e-01   9.660334881750e-01  -1.045873156595e-02  -3.823796028772e-02
  1.800000000000e-01   2.047265327729e+02  -3.480033509578e+00  -1.833944801066e+00   1.070015162381e+02   7.763079839835e-02  -1.038719371490e-01   3.722238284767e+01  -9.054599679518e-04  -7.740404281044e+00  -5.015741822875e-01   8.641857967304e-01  -2.007095186321e-02  -3.382115413848e-02
  1.850000000000e-01   2.045881482873e+02  -3.951594874117e+00   2.116036834830e-01   1.069430421148e+02   1.485271082407e-02  -1.343329148328e-01   3.824390572389e+01  -1.008512885979e-03  -7.800843697590e+00  -7.121083178197e-01   7.009394534737e-01  -2.808935050311e-02  -2.705629554893e-02
  1.900000000000e-01   2.044495753767e+02  -3.299018522212e+00   2.218398489065e+00   1.068822685607e+02  -5.750738779954e-02  -1.283157254612e-01   3.926478405341e+01  -1.117985239531e-03  -7.860443960319e+00  -8.719518710109e-01   4.879915605594e-01  -3.396088648053e-02  -1.847263470490e-02
  1.950000000000e-01   2.043063715862e+02  -1.700037170276e+00   3.608117602653e+00   1.068193416946e+02  -1.190148996281e-01  -8.465587220455e-02   4.028500326318e+01  -1.233934127187e-03  -7.919204361056e+00  -9.698453029750e-01   2.405372573249e-01  -3.729915720712e-02  -8.723239607506e-03
  2.000000000000e-01   2.041593400788e+02   3.917030347481e-01   3.977189413639e+00   1.067542044902e+02  -1.508812544121e-01  -1.321316054373e-02   4.130453869894e+01  -1.356394194952e-03  -7.977123429309e+00  -9.989562326298e-01  -2.382331746604e-02  -3.791000462858e-02   1.465446877640e-03
  2.050000000000e-01   2.040137538757e+02   2.377619268412e+00   3.215676295038e+00   1.066871236394e+02  -1.416667831512e-01   6.726528458770e-02   4.232338245931e+01  -1.485406113118e-03  -8.034200996842e+00  -9.573463253940e-01  -2.863439691641e-01  -3.580233898588e-02   1.134866534989e-02
  2.100000000000e-01   2.038737930889e+02   3.688265834868e+00   1.540270512181e+00   1.066187944304e+02  -9.116955053836e-02   1.340834304905e-01   4.334155273281e+01  -1.621031583581e-03  -8.090438869626e+00  -8.480873672085e-01  -5.284667563873e-01  -3.118355624551e-02   2.021877880359e-02
  2.150000000000e-01   2.037381168531e+02   3.949093763585e+00  -5.684903636425e-01   1.065499236734e+02  -1.121896956416e-02   1.670265832103e-01   4.435907553782e+01  -1.763336785981e-03  -8.145839409527e+00  -6.790203689734e-01  -7.331341760959e-01  -2.444017597017e-02   2.745681420103e-02
  2.200000000000e-01   2.036013053121e+02   3.089013013707e+00  -2.506198070804e+00   1.064807452458e+02   7.704453436640e-02   1.544481843945e-01   4.537595821806e+01  -1.912358346814e-03  -8.200403561376e+00  -4.621795433152e-01  -8.859854064422e-01  -1.610553083161e-02   3.257626240027e-02
  2.250000000000e-01   2.034596271575e+02   1.359971360687e+00  -3.720351416758e+00   1.064109926869e+02   1.487939657124e-01   9.718447608347e-02   4.639218286971e+01  -2.068086167197e-03  -8.254130415614e+00  -2.129258861990e-01  -9.763548960048e-01  -6.817258958726e-03   3.525607479440e-02
  2.300000000000e-01   2.033149646713e+02  -7.378236550760e-01  -3.870161797137e+00   1.063403627771e+02   1.825381305037e-01   9.021604752031e-03   4.740772653984e+01  -2.230488900490e-03  -8.307018721620e+00   5.114784986937e-02  -9.980064966061e-01   2.732041938322e-03   3.536067439647e-02
  2.350000000000e-01   2.031727519982e+02  -2.602550980625e+00  -2.923595301748e+00   1.062689806431e+02   1.665418108804e-01  -8.660308986577e-02   4.842258652519e+01  -2.399559399426e-03  -8.359068702526e+00   3.114642409304e-01  -9.495526892816e-01   1.184721697890e-02   3.294572100697e-02
  2.400000000000e-01   2.030362065260e+02  -3.705750147787e+00  -1.163692509698e+00   1.061973813280e+02   1.027240243993e-01  -1.628833680305e-01   4.943678400121e+01  -2.575328415107e-03  -8.410282261929e+00   5.497711278622e-01  -8.345295753080e-01   1.988198058877e-02   2.824943732335e-02
  2.450000000000e-01   2.029030175350e+02  -3.744127761529e+00   8.967966424345e-01   1.061260417331e+02   6.774962648658e-03  -1.972075724285e-01   5.045034259036e+01  -2.757829334452e-03  -8.460661436289e+00   7.494196499710e-01  -6.611248533421e-01   2.628543054142e-02   2.167048369305e-02
  2.500000000000e-01   2.027679286179e+02  -2.724105842489e+00   2.666452304283e+00   1.060549691897e+02  -9.570817544479e-02  -1.778518004438e-01   5.146326498930e+01  -2.947047671787e-03  -8.510206790641e+00   8.965204772065e-01  -4.415826070126e-01   3.064024865416e-02   1.373443916581e-02
  2.550000000000e-01   2.026283338842e+02  -9.553203338214e-01   3.646966127737e+00   1.059837796732e+02  -1.761121325747e-01  -1.078225642630e-01   5.247553224605e+01  -3.142909321761e-03  -8.558917425324e+00   9.809003772372e-01  -1.913299385515e-01   3.268999177228e-02   5.051717480571e-03
  2.600000000000e-01   2.024869022854e+02   1.043733273456e+00   3.575275023775e+00   1.059121701188e+02  -2.108530902872e-01  -4.622302498623e-03   5.348712571270e+01  -3.345328044421e-03  -8.606792491254e+00   9.967954153713e-01   7.211325064635e-02   3.235373659113e-02  -3.729763121514e-03
  2.650000000000e-01   2.023485812574e+02   2.699022569944e+00   2.495069293987e+00   1.058402780045e+02  -1.882963001289e-01   1.041529068373e-01   5.449804786320e+01  -3.554263824435e-03  -8.653832551379e+00   9.432332313443e-01   3.303654920118e-01   2.972724894009e-02  -1.197351648326e-02
  2.700000000000e-01   2.022153450258e+02   3.547556744456e+00   7.380479631166e-01   1.057685588774e+02  -1.125142653766e-01   1.882677266018e-01   5.550832026180e+01  -3.769726203272e-03  -8.700039390801e+00   8.240781593766e-01   5.654683241896e-01   2.507088051245e-02  -1.910126652140e-02
  2.750000000000e-01   2.020842837042e+02   3.368441798928e+00  -1.177914020294e+00   1.056973324311e+02  -2.697670978020e-03   2.233157573299e-01   5.651796179677e+01  -3.991716870573e-03  -8.745414584030e+00   6.477389215686e-01   7.611323862106e-01   1.878547722129e-02  -2.463402668240e-02
  2.800000000000e-01   2.019508832352e+02   2.240982188357e+00  -2.702361393354e+00   1.056264873649e+02   1.117500531029e-01   1.978099930155e-01   5.752697081857e+01  -4.220170117375e-03  -8.789958393331e+00   4.265636679700e-01   9.038587352833e-01   1.137850435729e-02  -2.822454304356e-02
  2.850000000000e-01   2.018138072888e+02   5.144730730038e-01  -3.411819408706e+00   1.055556455393e+02   1.991670084934e-01   1.168333390705e-01   5.853532962031e+01  -4.454956714829e-03  -8.833670103656e+00   1.759670426267e-01   9.838605860761e-01   3.423225437548e-03  -2.967896004371e-02
  2.900000000000e-01   2.016760947405e+02  -1.299565274786e+00  -3.128739372091e+00   1.054845898704e+02   2.344620178348e-01   1.112658846167e-03   5.954302537013e+01  -4.695953176395e-03  -8.876549325358e+00  -8.665008945797e-02   9.957241376717e-01  -4.485842363704e-03  -2.896640123393e-02
  2.950000000000e-01   2.015417227093e+02  -2.679517143121e+00  -1.966125997165e+00   1.054134952614e+02   2.063355179543e-01  -1.183464956768e-01   6.055006471431e+01  -4.943101980455e-03  -8.918596838660e+00  -3.431132510623e-01   9.387633622779e-01  -1.177775497535e-02  -2.621604351396e-02
  3.000000000000e-01   2.014114037415e+02  -3.244745698744e+00  -2.866607160378e-01   1.053427346829e+02   1.208060034242e-01  -2.086576050297e-01   6.155646720841e+01  -5.196395323974e-03  -8.959814153941e+00  -5.757334553588e-01   8.170450783913e-01  -1.794681024840e-02  -2.170223851500e-02
  3.050000000000e-01   2.012820608565e+02  -2.861608437233e+00   1.409576455166e+00   1.052724902337e+02  -3.875865727726e-05  -2.441809555406e-01   6.256224576702e+01  -5.455799188764e-03  -9.000202366670e+00  -7.685240226535e-01   6.390856956945e-01  -2.258795163169e-02  -1.581919372512e-02
  3.100000000000e-01   2.011502972080e+02  -1.674700625125e+00   2.634171273185e+00   1.052025881684e+02  -1.238162427032e-01  -2.138271266992e-01   6.356739539547e+01  -5.721198427367e-03  -9.039761557151e+00  -9.082920326266e-01   4.172444978736e-01  -2.542343479791e-02  -9.047495485323e-03
  3.150000000000e-01   2.010159567628e+02  -5.622774426982e-02   3.051750633898e+00   1.051327148794e+02  -2.166199117806e-01  -1.244503706384e-01   6.457190140769e+01  -5.992424275289e-03  -9.078491293023e+00  -9.855319984870e-01   1.668573231569e-01  -2.631905590423e-02  -1.915261123688e-03
  3.200000000000e-01   2.008820311906e+02   1.509458533837e+00   2.572588492507e+00   1.050627607362e+02  -2.523856067016e-01   6.921792134188e-04   6.557575713222e+01  -6.269337449616e-03  -9.116391596413e+00  -9.950622621298e-01  -9.482955156945e-02  -2.528904281111e-02   5.043002911701e-03
  3.250000000000e-01   2.007512718130e+02   2.570570530652e+00   1.370730635752e+00   1.049929224981e+02  -2.202436246131e-01   1.280712663413e-01   6.657897184916e+01  -6.551875090655e-03  -9.153463327359e+00  -9.363610133171e-01  -3.498513743497e-01  -2.248956366425e-02   1.132664526468e-02
  3.300000000000e-01   2.006233116487e+02   2.838634884782e+00  -1.755235269211e-01   1.049234756297e+02  -1.277728268432e-01   2.229668300648e-01   6.758156136378e+01  -6.840009625978e-03  -9.189707655100e+00  -8.135802272034e-01  -5.807589884610e-01  -1.820170343877e-02   1.650514340071e-02
  3.350000000000e-01   2.004952953190e+02   2.267383299345e+00  -1.601074181035e+00   1.048544816559e+02   8.054493683000e-04   2.590115495652e-01   6.858353246718e+01  -7.133665303280e-03  -9.225125273066e+00  -6.352397625650e-01  -7.718092534773e-01  -1.280558363291e-02   2.024774787955e-02
  3.400000000000e-01   2.003650890991e+02   1.058168186046e+00  -2.493260869676e+00   1.047857441405e+02   1.310549882208e-01   2.255524704499e-01   6.958487815234e+01  -7.432683581731e-03  -9.259716201854e+00  -4.136259105074e-01  -9.100315218151e-01  -6.747924962394e-03   2.234448047687e-02
  3.450000000000e-01   2.002334703293e+02  -4.075375617304e-01  -2.611350087334e+00   1.047170399511e+02   2.276454801677e-01   1.307675304725e-01   7.058558779110e+01  -7.736876482137e-03  -9.293480310522e+00  -1.639371068462e-01  -9.860996050140e-01  -5.057436558597e-04   2.271720457667e-02
  3.500000000000e-01   2.001030453897e+02  -1.686563210867e+00  -1.951684453680e+00   1.046483583615e+02   2.640175600714e-01  -3.679253776597e-04   7.158566026587e+01  -8.046109372605e-03  -9.326417923633e+00   9.676440510538e-02  -9.949511641301e-01   5.450931034634e-03   2.142025351550e-02
  3.550000000000e-01   1.999753017666e+02  -2.406989076063e+00  -7.408776938729e-01   1.045798930859e+02   2.297255358909e-01  -1.327485862878e-01   7.258510582812e+01  -8.360320233876e-03  -9.358529869971e+00   3.507223420199e-01  -9.361130593151e-01   1.069441729729e-02   1.863090731975e-02
  3.600000000000e-01   1.998490918176e+02  -2.375957790235e+00   6.388389574194e-01   1.045118158773e+02   1.334173831490e-01  -2.306355579242e-01   7.358393559295e+01  -8.679454955255e-03  -9.389816993926e+00   5.806961473023e-01  -8.137123052339e-01   1.487013870759e-02   1.463080831759e-02
  3.650000000000e-01   1.997220716707e+02  -1.631212481213e+00   1.768108226738e+00   1.044440920456e+02   6.081119386053e-04  -2.673853321385e-01   7.458215092483e+01  -9.003392048592e-03  -9.420279713772e+00   7.711278924021e-01  -6.361750113233e-01   1.772056665832e-02   9.780094230997e-03
  3.700000000000e-01   1.995933254873e+02  -4.226881053158e-01   2.316481462772e+00   1.043765334621e+02  -1.331656793059e-01  -2.327428877240e-01   7.557974417763e+01  -9.331940923461e-03  -9.449918086554e+00   9.091883765922e-01  -4.156365145895e-01   1.910076576567e-02   4.486518845664e-03
  3.750000000000e-01   1.994642436249e+02   8.684827571474e-01   2.138426435840e+00   1.043090134906e+02  -2.319506970160e-01  -1.356933718791e-01   7.657670913031e+01  -9.664915990441e-03  -9.478732244372e+00   9.856332933879e-01  -1.671040216273e-01   1.898465674046e-02  -8.278831243101e-04
  3.800000000000e-01   1.993368186854e+02   1.847838868841e+00   1.311590310371e+00   1.042415979341e+02  -2.691198620962e-01  -2.081871686672e-03   7.757304903545e+01  -1.000220243515e-02  -9.506722690627e+00   9.954125255759e-01   9.257070351325e-02   1.746183697199e-02  -5.759923623868e-03
  3.850000000000e-01   1.992113940991e+02   2.226332495890e+00   1.074259497270e-01   1.041744547562e+02  -2.345917616367e-01   1.323538811393e-01   7.856877362475e+01  -1.034373858935e-02  -9.533890158019e+00   9.379923283682e-01   3.458376134462e-01   1.472554020430e-02  -9.955600110422e-03
  3.900000000000e-01   1.990863745948e+02   1.904580059674e+00  -1.095396173958e+00   1.041076567051e+02  -1.375593124403e-01   2.316355960272e-01   7.956388908651e+01  -1.068943592000e-02  -9.560235236655e+00   8.173707804932e-01   5.756346324446e-01   1.105301010793e-02  -1.313536583495e-02
  3.950000000000e-01   1.989601067411e+02   9.983383392783e-01  -1.927647588967e+00   1.040411018109e+02  -3.992720394055e-03   2.692496961126e-01   8.055839254031e+01  -1.103912832154e-02  -9.585758202536e+00   6.417883987082e-01   7.665337236513e-01   6.780119527213e-03  -1.511254900274e-02
  4.000000000000e-01   1.988327279878e+02  -2.010889891593e-01  -2.140821058109e+00   1.039746335318e+02   1.303908327370e-01   2.352694464886e-01   8.155227691822e+01  -1.139260924131e-02  -9.610459207276e+00   4.231556554220e-01   9.057708154606e-01   2.272438961937e-03  -1.580374836787e-02
  4.050000000000e-01   1.987059234878e+02  -1.318347607294e+00  -1.679923581346e+00   1.039082161470e+02   2.297667610102e-01   1.389714590454e-01   8.254554028074e+01  -1.174971525890e-02  -9.634338580016e+00   1.762370998923e-01   9.840915820645e-01  -2.104851607642e-03  -1.523068841417e-02
  4.100000000000e-01   1.985809493892e+02  -2.009091537624e+00  -6.967872936244e-01   1.038419660173e+02   2.678271402364e-01   6.258712842074e-03   8.353818890266e+01  -1.211035956615e-02  -9.657396900117e+00  -8.235189482522e-02   9.963570111883e-01  -6.015793889498e-03  -1.351369440844e-02
  4.150000000000e-01   1.984572039066e+02  -2.063805566712e+00   4.989970548981e-01   1.037760089026e+02   2.347849902744e-01  -1.273813562329e-01   8.453023086182e+01  -1.247447540000e-02  -9.679634787052e+00  -3.352666849721e-01   9.418693323202e-01  -9.178979070962e-03  -1.085761270458e-02
  4.200000000000e-01   1.983329419878e+02  -1.469577987612e+00   1.535830898973e+00   1.037103301346e+02   1.398855510780e-01  -2.264484744665e-01   8.552166766299e+01  -1.284193376653e-02  -9.701052669296e+00  -5.655967633660e-01   8.243988359724e-01  -1.138748708304e-02  -7.531584865215e-03
  4.250000000000e-01   1.982072804843e+02  -4.120186095173e-01   2.093265169269e+00   1.036447880492e+02   8.784379167581e-03  -2.649282900170e-01   8.651249346640e+01  -1.321253080169e-02  -9.721650788706e+00  -7.579933437804e-01   6.519124725346e-01  -1.252206066817e-02  -3.844519834580e-03
  4.300000000000e-01   1.980812031540e+02   7.824554677277e-01   1.998572680033e+00   1.035792730037e+02  -1.234545531518e-01  -2.331608471903e-01   8.750270270886e+01  -1.358606262243e-02  -9.741429411308e+00  -8.996868486582e-01   4.360241880692e-01  -1.255672066066e-02  -1.183736371257e-04
  4.350000000000e-01   1.979564335392e+02   1.746055042715e+00   1.278133898004e+00   1.035138295285e+02  -2.218125017756e-01  -1.402571192877e-01   8.849229737430e+01  -1.396240415824e-02  -9.760388992823e+00  -9.813271929126e-01   1.912048583824e-01  -1.155664321029e-02   3.338552083240e-03
  4.400000000000e-01   1.978334576576e+02   2.180720932427e+00   1.488053897592e-01   1.034486021986e+02  -2.606528387384e-01  -1.146331139518e-02   8.948128560604e+01  -1.434149931649e-02  -9.778530121997e+00  -9.975914332013e-01  -6.619395313885e-02  -9.668741321716e-03   6.256143738597e-03
  4.450000000000e-01   1.977109353367e+02   1.947756620236e+00  -1.047607781202e+00   1.033836657994e+02  -2.304362343024e-01   1.187572694516e-01   9.046967316544e+01  -1.472326949876e-02  -9.795853325149e+00  -9.475197700526e-01  -3.190355195014e-01  -7.105974284059e-03   8.422932197437e-03
  4.500000000000e-01   1.975871832585e+02   1.109574040626e+00  -1.946893016664e+00   1.033189319591e+02  -1.400491292900e-01   2.160129558192e-01   9.145745737497e+01  -1.510754294371e-02  -9.812358959639e+00  -8.345600666654e-01  -5.505388957029e-01  -4.126883725698e-03   9.700964254936e-03
  4.550000000000e-01   1.974620850099e+02  -8.850000954478e-02  -2.271400210566e+00   1.032542401501e+02  -1.418432342528e-02   2.551232128474e-01   9.244463050776e+01  -1.549408853366e-02  -9.828047304008e+00  -6.663203313216e-01  -7.453899293679e-01  -1.012181380608e-03   1.003408795959e-02
  4.600000000000e-01   1.973372800139e+02  -1.290684144587e+00  -1.913220089591e+00   1.031895343189e+02   1.134518560687e-01   2.266673385808e-01   9.343118903138e+01  -1.588272254628e-02  -9.842918727782e+00  -4.540470568223e-01  -8.907495236524e-01   1.959615561707e-03   9.449203956218e-03
  4.650000000000e-01   1.972143756352e+02  -2.135896216067e+00  -9.671602242138e-01   1.031249276691e+02   2.092245475226e-01   1.392331743296e-01   9.441713842285e+01  -1.627337003404e-02  -9.856973750271e+00  -2.118651911851e-01  -9.770927681177e-01   4.535485318928e-03   8.050606929257e-03
  4.700000000000e-01   1.970931304055e+02  -2.364593193168e+00   2.960028849656e-01   1.030605787743e+02   2.484835191164e-01   1.683760199717e-02   9.540248796566e+01  -1.666600639005e-02  -9.870212936805e+00   4.416812040337e-02  -9.988239112268e-01   6.508259006547e-03   6.008102069877e-03
  4.750000000000e-01   1.969716367846e+02  -1.896013644013e+00   1.508004293666e+00   1.029965111693e+02   2.219310125328e-01  -1.077068005372e-01   9.638724098490e+01  -1.706053778222e-02  -9.882636761170e+00   2.971315289116e-01  -9.546281963963e-01   7.732452716938e-03   3.540075894657e-03
  4.800000000000e-01   1.968483695290e+02  -8.533488613357e-01   2.310317132836e+00   1.029325758634e+02   1.377961389002e-01  -2.016364204457e-01   9.737139125160e+01  -1.745675223371e-02  -9.894245584959e+00   5.303579653437e-01  -8.475399208693e-01   8.134418592118e-03   8.930743481015e-04
  4.850000000000e-01   1.967238993989e+02   4.704226269079e-01   2.458927038889e+00   1.028686044617e+02   1.931864410791e-02  -2.408972869725e-01   9.835492982725e+01  -1.785440205440e-02  -9.905039760429e+00   7.285304652982e-01  -6.847243694295e-01   7.716155028720e-03  -1.680329222347e-03
  4.900000000000e-01   1.966003729710e+02   1.696111671376e+00   1.896292819417e+00   1.028045917245e+02  -1.016949386000e-01  -2.163233242093e-01   9.933785524646e+01  -1.825333556208e-02  -9.915019731744e+00   8.786838556531e-01  -4.769891825056e-01   6.552638688826e-03  -3.943506270169e-03
  4.950000000000e-01   1.964792443531e+02   2.467152947811e+00   7.697208878493e-01   1.027407081848e+02  -1.934487252579e-01  -1.357420194199e-01   1.003201759995e+02  -1.865353424822e-02  -9.924186029880e+00   9.710465110153e-01  -2.380585615701e-01   4.783069428616e-03  -5.695768893185e-03
  5.000000000000e-01   1.963596611162e+02   2.552381573224e+00  -6.091043338478e-01   1.026771216620e+02  -2.325450464339e-01  -2.153708256347e-02   1.013019022597e+02  -1.905500697076e-02  -9.932539184248e+00   9.996673211439e-01   1.633992811233e-02   2.596916490451e-03  -6.788774112618e-03
  5.050000000000e-01   1.962392762546e+02   1.913332804665e+00  -1.851811612020e+00   1.026138131887e+02  -2.099623773668e-01   9.558213517887e-02   1.022830353593e+02  -1.945764865400e-02  -9.940079658687e+00   9.627885671387e-01   2.695140466169e-01   2.160634332105e-04  -7.138063332331e-03
  5.100000000000e-01   1.961167026062e+02   7.169027049873e-01  -2.603239873052e+00   1.025505857702e+02  -1.330964153421e-01   1.848655410535e-01   1.032635662746e+02  -1.986121564149e-02  -9.946807873898e+00   8.629429011991e-01   5.049024466688e-01  -2.125369586206e-03  -6.728902426220e-03
  5.150000000000e-01   1.959930419088e+02  -7.102056559233e-01  -2.642332529506e+00   1.024872645381e+02  -2.341792222269e-02   2.236203958635e-01   1.042434851294e+02  -2.026545200765e-02  -9.952724271389e+00   7.067700098191e-01   7.071561219138e-01  -4.201802215388e-03  -5.616067637667e-03
  5.200000000000e-01   1.958708313892e+02  -1.972330306363e+00  -1.945487147662e+00   1.024238825356e+02   8.952612022728e-02   2.029848989000e-01   1.052227920408e+02  -2.067024070813e-02  -9.957829338696e+00   5.045659269520e-01   8.631355551723e-01  -5.815830712759e-03  -3.917713787253e-03
  5.250000000000e-01   1.957514382115e+02  -2.715327597106e+00  -6.945493471797e-01   1.023606549412e+02   1.760899463173e-01   1.299081951402e-01   1.062014978848e+02  -2.107561852306e-02  -9.962123579135e+00   2.695957095699e-01   9.627582834231e-01  -6.815105427942e-03  -1.803945771990e-03
  5.300000000000e-01   1.956335906887e+02  -2.725632206562e+00   7.726712849197e-01   1.022977614058e+02   2.143258753008e-01   2.491174696142e-02   1.071796138129e+02  -2.148163129914e-02  -9.965607479352e+00   1.721654730759e-02   9.996419545689e-01  -7.105084800551e-03   5.188518310019e-04
  5.350000000000e-01   1.955146126414e+02  -1.990272070880e+00   2.055373622979e+00   1.022351577090e+02   1.955472909988e-01  -8.366415180633e-02   1.081571400994e+02  -2.188817553832e-02  -9.968281521349e+00  -2.361295238496e-01   9.715029074078e-01  -6.656675891103e-03   2.826543322137e-03
  5.400000000000e-01   1.953931492016e+02  -7.012912301028e-01   2.800232763044e+00   1.021726133646e+02   1.262511227857e-01  -1.673162403121e-01   1.091340658883e+02  -2.229499158359e-02  -9.970146216466e+00  -4.739873257606e-01   8.802870059754e-01  -5.508213562279e-03   4.897045885532e-03
  5.450000000000e-01   1.952706030642e+02   7.964309280460e-01   2.798704964889e+00   1.021099425126e+02   2.599291720677e-02  -2.048673284088e-01   1.101103804114e+02  -2.270182159612e-02  -9.971202101369e+00  -6.809558055296e-01   7.320260267474e-01  -3.761691222330e-03   6.529753613968e-03
  5.500000000000e-01   1.951497819052e+02   2.099301293511e+00   2.044370798150e+00   1.020471956666e+02  -7.811304123151e-02  -1.878199291828e-01   1.110860844501e+02  -2.310857577715e-02  -9.971449687452e+00  -8.436820239409e-01   5.364297384113e-01  -1.573616116849e-03   7.562974764207e-03
  5.550000000000e-01   1.950320904345e+02   2.854940261603e+00   7.347767856580e-01   1.019846158354e+02  -1.587241778505e-01  -1.222241869174e-01   1.120611903553e+02  -2.351533548766e-02  -9.970889427514e+00  -9.517170690409e-01   3.062413587272e-01   8.586967374129e-04   7.887949737626e-03
  5.600000000000e-01   1.949160948170e+02   2.857690320001e+00  -7.823210945226e-01   1.019223993478e+02  -1.954481082538e-01  -2.666949670961e-02   1.130357103954e+02  -2.392218538364e-02  -9.969521756786e+00  -9.981786964414e-01   5.640043974883e-02   3.314204245570e-03   7.458316509985e-03
  5.650000000000e-01   1.947989239235e+02   2.103796967493e+00  -2.103178599135e+00   1.018604997720e+02  -1.799860012093e-01   7.295689581027e-02   1.140096450066e+02  -2.432904240039e-02  -9.967347179432e+00  -9.801797354794e-01  -1.969305522245e-01   5.567144341298e-03   6.294286560894e-03
  5.700000000000e-01   1.946791227261e+02   7.916718464224e-01  -2.876792903822e+00   1.017986721795e+02  -1.179501733719e-01   1.504709140610e-01   1.149829827345e+02  -2.473565359595e-02  -9.964366302551e+00  -8.989972633976e-01  -4.374126225986e-01   7.406402870936e-03   4.481234111095e-03
  5.750000000000e-01   1.945581127983e+02  -7.322671465895e-01  -2.898585660670e+00   1.017367154014e+02  -2.697827380113e-02   1.862620251312e-01   1.159557120241e+02  -2.514176666370e-02  -9.960579758820e+00  -7.599734063205e-01  -6.495828975766e-01   8.653655908726e-03   2.162842090365e-03
  5.800000000000e-01   1.944388089863e+02  -2.066952346359e+00  -2.163946082166e+00   1.016746725269e+02   6.824913723353e-02   1.722333694694e-01   1.169278332087e+02  -2.554730538132e-02  -9.955988082989e+00  -5.721548900706e-01  -8.198461262989e-01   9.178806920758e-03  -4.706226161599e-04
  5.850000000000e-01   1.943227684336e+02  -2.863608455795e+00  -8.677606263392e-01   1.016127917414e+02   1.426855262752e-01   1.135733971250e-01   1.178993588703e+02  -2.595237557836e-02  -9.950591676502e+00  -3.476956727898e-01  -9.373407764494e-01   8.911458255882e-03  -3.197932734573e-03
  5.900000000000e-01   1.942086829192e+02  -2.917435157210e+00   6.491405664198e-01   1.015512868034e+02   1.774864126146e-01   2.699254382617e-02   1.188703022514e+02  -2.635709586448e-02  -9.944390915767e+00  -1.010633351603e-01  -9.946241047629e-01   7.847489179352e-03  -5.785131918870e-03
  5.950000000000e-01   1.940936765249e+02  -2.219835615773e+00   1.991461229831e+00   1.014901325078e+02   1.647512533916e-01  -6.400166878103e-02   1.198406651136e+02  -2.676142157221e-02  -9.937386308135e+00   1.518976089343e-01  -9.881339534343e-01   6.050223291675e-03  -8.004888923311e-03
  6.000000000000e-01   1.939761075699e+02  -9.580240575946e-01   2.813872018154e+00   1.014290936069e+02   1.092554791628e-01  -1.354614413610e-01   1.208104368525e+02  -2.716513298666e-02  -9.929578533918e+00   3.949848048088e-01  -9.184002893581e-01   3.646102455063e-03  -9.655423297078e-03
  6.050000000000e-01   1.938571322878e+02   5.368904590560e-01   2.910508560773e+00   1.013679557727e+02   2.681408094603e-02  -1.692743803268e-01   1.217796055642e+02  -2.756799538117e-02  -9.920968313613e+00   6.126750121875e-01  -7.899947691704e-01   8.152050255724e-04  -1.057749311289e-02
  6.100000000000e-01   1.937395496370e+02   1.878592842806e+00   2.266201903098e+00   1.013067324293e+02  -6.018969135528e-02  -1.577199608087e-01   1.227481701930e+02  -2.796993347957e-02  -9.911556220217e+00   7.911130546634e-01  -6.112222989141e-01  -2.222654821496e-03  -1.066808085769e-02
  6.150000000000e-01   1.936251053414e+02   2.726850838123e+00   1.056790786965e+00   1.012456499350e+02  -1.288526535315e-01  -1.051695854185e-01   1.237161421062e+02  -2.837105251913e-02  -9.901342627150e+00   9.189891536921e-01  -3.935752930410e-01  -5.225149819868e-03  -9.889669439900e-03
  6.200000000000e-01   1.935128730911e+02   2.874506637799e+00  -4.003347061536e-01   1.011849311641e+02  -1.617477608553e-01  -2.657703975854e-02   1.246835348720e+02  -2.877149064956e-02  -9.890327855863e+00   9.882485552449e-01  -1.509875745228e-01  -7.946615627315e-03  -8.274357072156e-03
  6.250000000000e-01   1.934002162267e+02   2.297796583527e+00  -1.731221961282e+00   1.011245888458e+02  -1.513059735261e-01   5.674381321287e-02   1.256503522878e+02  -2.917125038448e-02  -9.878512387456e+00   9.945896774815e-01   1.010622840076e-01  -1.015766904138e-02  -5.922478718429e-03
  6.300000000000e-01   1.932853255351e+02   1.157908599410e+00  -2.602747953672e+00   1.010644234222e+02  -1.014940520178e-01   1.228677591034e-01   1.266165860191e+02  -2.957016863167e-02  -9.865896930340e+00   9.377215563247e-01   3.465402444161e-01  -1.166374118958e-02  -2.995829469025e-03
  6.350000000000e-01   1.931688771065e+02  -2.452049632968e-01  -2.806753841743e+00   1.010042195333e+02  -2.643733043979e-02   1.549898704364e-01   1.275822246973e+02  -2.996804519671e-02  -9.852482268255e+00   8.213661489338e-01   5.698763487680e-01  -1.232108439821e-02   2.940123901593e-04
  6.400000000000e-01   1.930532960948e+02  -1.553319519751e+00  -2.309521736637e+00   1.009439487740e+02   5.355821239682e-02   1.456505330170e-01   1.285472654803e+02  -3.036480150720e-02  -9.838269029051e+00   6.530062116250e-01   7.569502915946e-01  -1.204899265179e-02   3.701394210967e-03
  6.450000000000e-01   1.929404329332e+02  -2.442791071070e+00  -1.254932419744e+00   1.008837897198e+02   1.174693104177e-01   9.840304310509e-02   1.295117172005e+02  -3.076052050589e-02  -9.823257598880e+00   4.433956328458e-01   8.959802101890e-01  -1.083725777431e-02   6.965137464136e-03
  6.500000000000e-01   1.928298944636e+02  -2.705383758412e+00   7.788243141078e-02   1.008239561206e+02   1.490397414844e-01   2.657147170862e-02   1.304755926177e+02  -3.115533843651e-02  -9.807448267915e+00   2.058651041267e-01   9.782581828946e-01  -8.748255763604e-03   9.828501302850e-03
  6.550000000000e-01   1.927195345306e+02  -2.296743922526e+00   1.349801477605e+00   1.007645022943e+02   1.408641428907e-01  -5.048711039414e-02   1.314388975179e+02  -3.154929956820e-02  -9.790841469957e+00  -4.453075016164e-02   9.986870087610e-01  -5.913480236677e-03   1.205903422482e-02
  6.600000000000e-01   1.926075187335e+02  -1.341379386041e+00   2.249305592279e+00   1.007052856324e+02   9.605899854687e-02  -1.125707910758e-01   1.324016268457e+02  -3.194230946061e-02  -9.773437888115e+00  -2.919697633342e-01   9.560865718132e-01  -2.524761144954e-03   1.346680994643e-02
  6.650000000000e-01   1.924939660807e+02  -9.466826442873e-02   2.569510097982e+00   1.006461103118e+02   2.716419973074e-02  -1.438869725582e-01   1.333637709474e+02  -3.233421960135e-02  -9.755238326103e+00  -5.208619955357e-01   8.532524464431e-01   1.179206017635e-03   1.391966554946e-02
  6.700000000000e-01   1.923807010478e+02   1.126557180015e+00   2.255450146419e+00   1.005869089897e+02  -4.735633406845e-02  -1.370157292966e-01   1.343253255504e+02  -3.272495503435e-02  -9.736243468134e+00  -7.168303411858e-01   6.967641166525e-01   4.930049802259e-03   1.335426971961e-02
  6.750000000000e-01   1.922694862090e+02   2.025750013616e+00   1.410937685789e+00   1.005277953471e+02  -1.080402776831e-01  -9.460073347758e-02   1.352862961778e+02  -3.311456643648e-02  -9.716453754707e+00  -8.676101168464e-01   4.965557488023e-01   8.449369007297e-03   1.178214951884e-02
  6.800000000000e-01   1.921604540334e+02   2.399355474265e+00   2.651982826349e-01   1.004689504341e+02  -1.394688425532e-01  -2.840211209524e-02   1.362466934677e+02  -3.350316757494e-02  -9.695869486720e+00  -9.638108491703e-01   2.652780914873e-01   1.146937344569e-02   9.290184488492e-03
  6.850000000000e-01   1.920521290853e+02   2.182529491296e+00  -8.902108540893e-01   1.004104584708e+02  -1.341279394452e-01   4.396507855454e-02   1.372065243426e+02  -3.389082679198e-02  -9.674491053665e+00  -9.994931827538e-01   1.749360482942e-02   1.375298370610e-02   6.035499066293e-03
  6.900000000000e-01   1.919428762923e+02   1.457768132010e+00  -1.776677391905e+00   1.003522428054e+02  -9.413594926905e-02   1.037015625895e-01   1.381657872587e+02  -3.427751400745e-02  -9.652319072102e+00  -9.725265699978e-01  -2.312433462080e-01   1.511190530610e-02   2.235099629540e-03
  6.950000000000e-01   1.918323494196e+02   4.263508469255e-01  -2.196356412258e+00   1.002941493584e+02  -3.046072557725e-02   1.356688863852e-01   1.391244753562e+02  -3.466314199946e-02  -9.629354312614e+00  -8.847072885092e-01  -4.653634366997e-01   1.542134217894e-02  -1.849022034854e-03
  7.000000000000e-01   1.917216578904e+02  -6.480449063251e-01  -2.075918184962e+00   1.002360893353e+02   4.010023435450e-02   1.321690940216e-01   1.400825839483e+02  -3.504765330059e-02  -9.605597492423e+00  -7.416306925760e-01  -6.702556689806e-01   1.463024660688e-02  -5.928271901937e-03
  7.050000000000e-01   1.916122436995e+02  -1.507690250973e+00  -1.476712358211e+00   1.001781099142e+02   9.934269174522e-02   9.472892894606e-02   1.410401153305e+02  -3.543107133968e-02  -9.581049128606e+00  -5.523266302914e-01  -8.331762111289e-01   1.276631561293e-02  -9.708012531515e-03
  7.100000000000e-01   1.915045975840e+02  -1.963204477035e+00  -5.709695017970e-01   1.001203393399e+02   1.323184008165e-01   3.349406239672e-02   1.419970770204e+02  -3.581347674960e-02  -9.555709578723e+00  -3.286821361148e-01  -9.440359324987e-01   9.935326347246e-03  -1.290881265901e-02
  7.150000000000e-01   1.913979501049e+02  -1.934799326613e+00   4.076950494564e-01   1.000628686310e+02   1.310509050003e-01  -3.554345724925e-02   1.429534757168e+02  -3.619494067239e-02  -9.529579217804e+00  -8.468917361362e-02  -9.960180392007e-01   6.314821450931e-03  -1.528684860382e-02
  7.200000000000e-01   1.912910822124e+02  -1.463583113420e+00   1.225281007685e+00   1.000056794613e+02   9.639454811221e-02  -9.472191781798e-02   1.439093126983e+02  -3.657547900604e-02  -9.502658584534e+00   1.644342778729e-01  -9.859887800977e-01   2.142565258060e-03  -1.665198635331e-02
  7.250000000000e-01   1.911834105099e+02  -6.923505504729e-01   1.703844487077e+00   9.994867389516e+01   3.762267696336e-02  -1.291999786506e-01   1.448645844034e+02  -3.695506224502e-02  -9.474948372203e+00   4.031945732861e-01  -9.146774654019e-01  -2.299440485873e-03  -1.688224108979e-02
  7.300000000000e-01   1.910753823038e+02   1.769668896529e-01   1.759693003944e+00   9.989176687016e+01  -3.008686978397e-02  -1.306253959351e-01   1.458192869914e+02  -3.733366237182e-02  -9.446449287804e+00   6.167852262891e-01  -7.866160684706e-01  -6.704281884261e-03  -1.593355945289e-02
  7.350000000000e-01   1.909679471195e+02   9.366885486705e-01   1.415340859929e+00   9.983495449166e+01  -8.958074726772e-02  -9.908847742066e-02   1.467734204702e+02  -3.771129101845e-02  -9.417161914705e+00   7.920025664201e-01  -6.098432659562e-01  -1.076145653100e-02  -1.384419060212e-02
  7.400000000000e-01   1.908616922305e+02   1.423406920445e+00   7.845304007341e-01   9.977830468477e+01  -1.260544340895e-01  -4.292167361523e-02   1.477269890069e+02  -3.808799910354e-02  -9.387086695488e+00   9.180574937502e-01  -3.953924883288e-01  -1.417869876529e-02  -1.073329290465e-02
  7.450000000000e-01   1.907564182636e+02   1.552535988903e+00   3.650047141308e-02   9.972189026631e+01  -1.306867092420e-01   2.354423564410e-02   1.486799977693e+02  -3.846384608487e-02  -9.356224033794e+00   9.872334512304e-01  -1.565971968734e-01  -1.670276762984e-02  -6.793835111646e-03
  7.500000000000e-01   1.906514307336e+02   1.330309998270e+00  -6.496341166784e-01   9.966572903475e+01  -1.027042616477e-01   8.365454083177e-02   1.496324494703e+02  -3.883887044214e-02  -9.324574413702e+00   9.953509889002e-01   9.174223821327e-02  -1.813773354585e-02  -2.280255239100e-03
  7.550000000000e-01   1.905461793547e+02   8.425524451213e-01  -1.128077244756e+00   9.960977841825e+01  -4.941137487538e-02   1.225897185944e-01   1.505843434749e+02  -3.921308468874e-02  -9.292138435594e+00   9.420117454253e-01   3.342777667620e-01  -1.835947620947e-02   2.508296165927e-03
  7.600000000000e-01   1.904406598824e+02   2.254937960816e-01  -1.316671723439e+00   9.955397893723e+01   1.576602746893e-02   1.309744650166e-01   1.515356777126e+02  -3.958649276585e-02  -9.258916752350e+00   8.306082884163e-01   5.560620520859e-01  -1.732536423893e-02   7.247998641756e-03
  7.650000000000e-01   1.903353034752e+02  -3.720824821671e-01  -1.208283090227e+00   9.949830239641e+01   7.668857155766e-02   1.070689402711e-01   1.524864513248e+02  -3.995911056720e-02  -9.224909974015e+00   6.681004799769e-01   7.434676265287e-01  -1.507841217910e-02   1.161233061960e-02
  7.700000000000e-01   1.902305500910e+02  -8.249131853892e-01  -8.626979082380e-01   9.944276595844e+01   1.184933166161e-01   5.704720797601e-02   1.534366658201e+02  -4.033097290997e-02  -9.190118622487e+00   4.645733579245e-01   8.850203533730e-01  -1.174558747347e-02   1.529446344529e-02
  7.750000000000e-01   1.901265106514e+02  -1.056789790472e+00  -3.835502733951e-01   9.938740856274e+01   1.311810004655e-01  -6.652185652487e-03   1.543863241660e+02  -4.070212528275e-02  -9.154543162052e+00   2.326050493414e-01   9.720963018629e-01  -7.530344178800e-03   1.802854329403e-02
  7.800000000000e-01   1.900229573549e+02  -1.050611833834e+00   1.119129127812e-01   9.933225625379e+01   1.119447923684e-01  -6.845198594758e-02   1.553354289806e+02  -4.107261096858e-02  -9.118184066554e+00  -1.351516242996e-02   9.994400379829e-01  -2.699858650291e-03   1.960839799335e-02
  7.850000000000e-01   1.899195670132e+02  -8.426945926040e-01   5.215925020512e-01   9.927730506260e+01   6.571469182681e-02  -1.134459423817e-01   1.562839813918e+02  -4.144246446504e-02  -9.081041864457e+00  -2.586696721953e-01   9.654737608050e-01   2.432196216882e-03   1.990238147933e-02
  7.900000000000e-01   1.898161691073e+02  -5.052323607267e-01   7.787865963318e-01   9.922252955626e+01   3.835738590436e-03  -1.309614392114e-01   1.572319812262e+02  -4.181171386610e-02  -9.043117133672e+00  -4.878416802374e-01   8.723797419437e-01   7.526200339521e-03   1.886332820136e-02
  7.950000000000e-01   1.897128171035e+02  -1.233827909154e-01   8.601969450128e-01   9.916790405538e+01  -5.875436272262e-02  -1.170323771757e-01   1.581794280340e+02  -4.218038744697e-02  -9.004410462347e+00  -6.870336121875e-01   7.259523861981e-01   1.223909615950e-02   1.653291515166e-02
  8.000000000000e-01   1.896096860809e+02   2.261298916222e-01   7.818500802845e-01   9.911341815830e+01  -1.071380700348e-01  -7.522473466878e-02   1.591263219994e+02  -4.254851842631e-02  -8.964922412009e+00  -8.441188007487e-01   5.352302495085e-01   1.624735912674e-02   1.304010160322e-02
  8.050000000000e-01   1.895069227960e+02   4.895657432347e-01   5.863917398262e-01   9.905907783228e+01  -1.299467855065e-01  -1.566379729676e-02   1.600726641641e+02  -4.291614537249e-02  -8.924653507203e+00  -9.495747738351e-01   3.119317466684e-01   1.926889294203e-02   8.593712996888e-03
  8.100000000000e-01   1.894045632700e+02   6.414255264067e-01   3.270385243031e-01   9.900489594734e+01  -1.219782845872e-01   4.746053930197e-02   1.610184560388e+02  -4.328330964596e-02  -8.883604250286e+00  -9.970540777995e-01   6.973016705875e-02   2.108238150203e-02   3.469627962333e-03
  8.150000000000e-01   1.893025446028e+02   6.811392093341e-01   5.345854695068e-02   9.895088161406e+01  -8.531450670766e-02   9.928673330599e-02   1.619636990463e+02  -4.365005264598e-02  -8.841775144224e+00  -9.837588373818e-01  -1.765868188993e-01   2.154279660146e-02  -2.006612083513e-03
  8.200000000000e-01   1.892007666656e+02   6.243849457958e-01  -1.967709740281e-01   9.889703491635e+01  -2.871862891846e-02   1.277596505749e-01   1.629083941728e+02  -4.401641453926e-02  -8.799166707666e+00  -9.105974804589e-01  -4.120213089620e-01   2.059201325564e-02  -7.480647262028e-03
  8.250000000000e-01   1.890991489425e+02   4.933188207287e-01  -4.000197438125e-01   9.884334787759e+01   3.450463127093e-02   1.263860231567e-01   1.638525419327e+02  -4.438243448407e-02  -8.755779477109e+00  -7.821154373204e-01  -6.222776643419e-01   1.826380474919e-02  -1.259224503070e-02
  8.300000000000e-01   1.889976574573e+02   3.094975621746e-01  -5.432004512594e-01   9.878980885866e+01   8.965344798345e-02   9.565071160421e-02   1.647961425454e+02  -4.474815154044e-02  -8.711613999764e+00  -6.062053658977e-01  -7.946279354110e-01   1.468285617983e-02  -1.699885464479e-02
  8.350000000000e-01   1.888963059964e+02   9.152711927358e-02  -6.182261399437e-01   9.873640730987e+01   1.240320899569e-01   4.280245479539e-02   1.657391961784e+02  -4.511360554075e-02  -8.666670823083e+00  -3.936157605481e-01  -9.186780245300e-01   1.005782500811e-02  -2.039823422344e-02
  8.400000000000e-01   1.887951444218e+02  -1.428201981530e-01  -6.178020707252e-01   9.868313719698e+01   1.298302617419e-01  -1.990218903532e-02   1.666817031584e+02  -4.547883759349e-02  -8.620950485139e+00  -1.572888850601e-01  -9.869887447047e-01   4.668864845962e-03  -2.254867098373e-02
  8.450000000000e-01   1.886942398690e+02  -3.722639353055e-01  -5.350090526554e-01   9.862999854347e+01   1.058375773857e-01  -7.806136084432e-02   1.676236641076e+02  -4.584389016903e-02  -8.574453508033e+00   8.843089917174e-02  -9.955150208674e-01  -1.149610854924e-03  -2.328546792526e-02
  8.500000000000e-01   1.885936491929e+02  -5.686757207374e-01  -3.671884286090e-01   9.857699674563e+01   5.763304072706e-02  -1.184247621814e-01   1.685650799639e+02  -4.620880681698e-02  -8.527180396337e+00   3.286697706354e-01  -9.438377344673e-01  -7.029838860459e-03  -2.253260879856e-02
  8.550000000000e-01   1.884933844670e+02  -6.976138845537e-01  -1.225024398653e-01   9.852413929414e+01  -3.758746070413e-03  -1.318742860056e-01   1.695059518441e+02  -4.657363162743e-02  -8.479131642963e+00   5.489248501124e-01  -8.351754281638e-01  -1.259396454803e-02  -2.030882167296e-02
  8.600000000000e-01   1.883933879071e+02  -7.240477829945e-01   1.739889267176e-01   9.847143034536e+01  -6.441095372352e-02  -1.154288189713e-01   1.704462807470e+02  -4.693840866124e-02  -8.430307742946e+00   7.359378676283e-01  -6.761764762821e-01  -1.747816993490e-02  -1.672761946518e-02
  8.650000000000e-01   1.882935441289e+02  -6.223785490254e-01   4.782386253357e-01   9.841886550911e+01  -1.106466529695e-01  -7.284737066448e-02   1.713860672146e+02  -4.730318166014e-02  -8.380709210018e+00   8.784896050103e-01  -4.765055601963e-01  -2.135613445416e-02  -1.199127987352e-02
  8.700000000000e-01   1.881937448586e+02  -3.877883735821e-01   7.315912037645e-01   9.836643086172e+01  -1.320896145425e-01  -1.372460221806e-02   1.723253111858e+02  -4.766799423841e-02  -8.330336584490e+00   9.680677812166e-01  -2.482505568511e-01  -2.396033132536e-02  -6.379112323664e-03
  8.750000000000e-01   1.880939782911e+02  -4.477258864220e-02   8.720024797730e-01   9.831410907851e+01  -1.239431041703e-01   4.869383736540e-02   1.732640122574e+02  -4.803289040064e-02  -8.279190421285e+00   9.993689826266e-01  -5.186531276674e-03  -2.509979624538e-02  -2.307215028781e-04
  8.800000000000e-01   1.879943722235e+02   3.510831094413e-01   8.499485642000e-01   9.826189066987e+01  -8.800986558184e-02   1.004744521310e-01   1.742021703088e+02  -4.839791486812e-02  -8.227271259113e+00   9.706054423211e-01   2.380581641517e-01  -2.467322381005e-02   6.074705928672e-03
  8.850000000000e-01   1.878951284525e+02   7.203753997341e-01   6.447718774668e-01   9.820978248762e+01  -3.225045213045e-02   1.300773536403e-01   1.751397860827e+02  -4.876311278693e-02  -8.174579590361e+00   8.835993423122e-01   4.668830847678e-01  -2.267653714406e-02   1.214181152827e-02
  8.900000000000e-01   1.877963662306e+02   9.758471367105e-01   2.762867279317e-01   9.815780477572e+01   3.100264397472e-02   1.308833471120e-01   1.760768611831e+02  -4.912852906495e-02  -8.121115859657e+00   7.436601791546e-01   6.675910345340e-01  -1.920442064427e-02   1.758371848852e-02
  8.950000000000e-01   1.876979914716e+02   1.043797731666e+00  -1.928637591608e-01   9.810597553587e+01   8.777008412634e-02   1.026256438998e-01   1.770133972939e+02  -4.949420816083e-02  -8.066880502961e+00   5.592538227707e-01   8.282050985773e-01  -1.444568315372e-02   2.204639265301e-02
  9.000000000000e-01   1.875997261038e+02   8.854868975516e-01  -6.664060299368e-01   9.805429270938e+01   1.254900779467e-01   5.142918609656e-02   1.779493951056e+02  -4.986019478138e-02  -8.011874004024e+00   3.414843510704e-01   9.391788220734e-01  -8.672703791599e-03   2.523119115492e-02
  9.050000000000e-01   1.875013176132e+02   5.123071083636e-01  -1.034311123592e+00   9.800273014001e+01   1.357583360170e-01  -1.153736051201e-02   1.788848538663e+02  -5.022653484883e-02  -7.956096920104e+00   1.034207430785e-01   9.939577903830e-01  -2.225579025261e-03   2.691418909482e-02
  9.100000000000e-01   1.874027768371e+02  -1.046396978600e-02  -1.199190462020e+00   9.795125469158e+01   1.161572448935e-01  -7.249625950279e-02   1.798197721399e+02  -5.059327543726e-02  -7.899549843621e+00  -1.406905498303e-01   9.893600141942e-01   4.508084308376e-03   2.696106959050e-02
  9.150000000000e-01   1.873044232024e+02  -5.738300839341e-01  -1.102669615960e+00   9.789985357288e+01   7.078746084655e-02  -1.180534121026e-01   1.807541493462e+02  -5.096046306561e-02  -7.842233319145e+00  -3.762796438619e-01   9.257534404628e-01   1.111651560291e-02   2.533662894034e-02
  9.200000000000e-01   1.872066504956e+02  -1.047975359787e+00  -7.444835631247e-01   9.784854854514e+01   9.393380609733e-03  -1.381063150269e-01   1.816879868146e+02  -5.132814155508e-02  -7.784147783497e+00  -5.893226143806e-01   8.070210602415e-01   1.718885316246e-02   2.210827337331e-02
  9.250000000000e-01   1.871095783830e+02  -1.313021959356e+00  -1.883398567982e-01   9.779738109034e+01  -5.472760862369e-02  -1.280459851757e-01   1.826212872701e+02  -5.169635186447e-02  -7.725293590907e+00  -7.671742833146e-01   6.403168577827e-01   2.234041564971e-02   1.744325066900e-02
  9.300000000000e-01   1.870128991213e+02  -1.290144889112e+00   4.483037612934e-01   9.774637703658e+01  -1.075855367625e-01  -8.978299402052e-02   1.835540529464e+02  -5.206513492124e-02  -7.665671117301e+00  -8.993149916680e-01   4.356284119848e-01   2.623662789509e-02   1.159974497189e-02
  9.350000000000e-01   1.869160987956e+02  -9.647974702658e-01   1.019253203118e+00   9.769552017009e+01  -1.375192711565e-01  -3.137677162175e-02   1.844862838580e+02  -5.243453525894e-02  -7.605280860395e+00  -9.779675553941e-01   2.051733752423e-01   2.861413722217e-02   4.912337225721e-03
  9.400000000000e-01   1.868189039368e+02  -3.952767875044e-01   1.383987465453e+00   9.764476083549e+01  -1.377356470781e-01   3.465800474022e-02   1.854179778677e+02  -5.280460172419e-02  -7.544123440043e+00  -9.985487093497e-01  -3.733342747616e-02   2.929782396034e-02  -2.227328114009e-03
  9.450000000000e-01   1.867215656321e+02   2.967132357504e-01   1.443153730283e+00   9.759405654434e+01  -1.078224426008e-01   9.401459781981e-02   1.863491327425e+02  -5.317538363718e-02  -7.482199481590e+00  -9.599292862199e-01  -2.774982802895e-01   2.821264917629e-02  -9.393541896056e-03
  9.500000000000e-01   1.866246921107e+02   9.522877989324e-01   1.165983285807e+00   9.754341108358e+01  -5.390467899862e-02   1.336666758415e-01   1.872797485496e+02  -5.354692505805e-02  -7.419509473671e+00  -8.644886712169e-01  -5.011034274052e-01   2.538958230815e-02  -1.615183984151e-02
  9.550000000000e-01   1.865287307326e+02   1.412676136836e+00   6.020162867798e-01   9.749287566585e+01   1.260208697404e-02   1.446984293627e-01   1.882098282120e+02  -5.391926253699e-02  -7.356053730197e+00  -7.179613108455e-01  -6.949476179224e-01   2.096520146382e-02  -2.208511693320e-02
  9.600000000000e-01   1.864335438193e+02   1.558627576892e+00  -1.268069187424e-01   9.744250682109e+01   7.739094881885e-02   1.242851756698e-01   1.891393755063e+02  -5.429242945939e-02  -7.291832506470e+00  -5.290855637296e-01  -8.476225417625e-01   1.517494125331e-02  -2.681898214808e-02
  9.650000000000e-01   1.863384839822e+02   1.341935408355e+00  -8.527225481039e-01   9.739231552167e+01   1.263171403258e-01   7.639006984757e-02   1.900683920946e+02  -5.466646378006e-02  -7.226846180369e+00  -3.090769591729e-01  -9.501796402365e-01   8.340346659216e-03  -3.004483134957e-02
  9.700000000000e-01   1.862429468090e+02   8.006311681808e-01  -1.401529722154e+00   9.734225367335e+01   1.484617029345e-01   1.100928097627e-02   1.909968762410e+02  -5.504141192810e-02  -7.161095336721e+00  -7.095803102639e-02  -9.966487905420e-01   8.510457644474e-04  -3.153925107237e-02
  9.750000000000e-01   1.861469291060e+02   5.323017739325e-02  -1.635348154610e+00   9.729225362385e+01   1.385487728592e-01  -5.789571917726e-02   1.919248245403e+02  -5.541732459525e-02  -7.094580665218e+00   1.712151483213e-01  -9.843793418554e-01  -6.857538170905e-03  -3.117857560071e-02
  9.800000000000e-01   1.860510752880e+02  -7.273987830596e-01  -1.488038642482e+00   9.724228846481e+01   9.818595865310e-02  -1.153575658515e-01   1.928522353019e+02  -5.579424740338e-02  -7.027302747978e+00   4.031838831591e-01  -9.141843635787e-01  -1.432946018271e-02  -2.894769071636e-02
  9.850000000000e-01   1.859561316931e+02  -1.354721019324e+00  -9.840357063066e-01   9.719239918220e+01   3.563864868047e-02  -1.486338350793e-01   1.937791105962e+02  -5.617221467774e-02  -6.959261923852e+00   6.113260556425e-01  -7.902804797049e-01  -2.111504664312e-02  -2.494250445890e-02
  9.900000000000e-01   1.858622739029e+02  -1.674029818502e+00  -2.352431319580e-01   9.714266160470e+01  -3.584210502096e-02  -1.500176733469e-01   1.947054550005e+02  -5.655125266860e-02  -6.890458362332e+00   7.834540233358e-01  -6.200278770700e-01  -2.679763516962e-02  -1.936587808527e-02
  9.950000000000e-01   1.857689202075e+02  -1.601443589042e+00   5.839463074895e-01   9.709311994247e+01  -1.008065099336e-01  -1.186118612655e-01   1.956312720027e+02  -5.693138996224e-02  -6.820892295909e+00   9.095244401540e-01  -4.134870696087e-01  -3.101868336754e-02  -1.251720175252e-02
  1.000000000000e+00   1.856752295654e+02  -1.146406190170e+00   1.277883688001e+00   9.704374602326e+01  -1.449281114426e-01  -6.065970752727e-02   1.965565612364e+02  -5.731266551256e-02  -6.750564207502e+00   9.822190249132e-01  -1.828196659756e-01  -3.349976296415e-02  -4.776172887202e-03
  1.005000000000e+00   1.855808587456e+02  -4.115908915534e-01   1.677246642614e+00   9.699446271261e+01  -1.581520599862e-01   1.167125087658e-02   1.974813191162e+02  -5.769512667192e-02  -6.679474795860e+00   9.973632884847e-01   5.843095853410e-02  -3.406013199802e-02   3.418333367523e-03
  1.010000000000e+00   1.854862933240e+02   4.303327282500e-01   1.681207097943e+00   9.694521273998e+01  -1.369807233623e-01   8.282390870174e-02   1.984055424312e+02  -5.807881880433e-02  -6.607624736627e+00   9.541597005056e-01   2.961366448350e-01  -3.262881763462e-02   1.159312873407e-02
  1.015000000000e+00   1.853924322811e+02   1.177780294229e+00   1.283508513819e+00   9.689601168421e+01  -8.537765303749e-02   1.371832320557e-01   1.993292317199e+02  -5.846377573017e-02  -6.535014447935e+00   8.552224570444e-01   5.164122450999e-01  -2.925044108392e-02   1.926790795387e-02
  1.020000000000e+00   1.852997827577e+02   1.649280289157e+00   5.756032919001e-01   9.684693625302e+01  -1.405893758708e-02   1.624958551964e-01   2.002523913378e+02  -5.885001982367e-02  -6.461644077273e+00   7.064126943957e-01   7.064255370562e-01  -2.408437193765e-02   2.598321476415e-02
  1.025000000000e+00   1.852079923719e+02   1.728351347625e+00  -2.743580795568e-01   9.679805681900e+01   6.171190755230e-02   1.526306095798e-01   2.011750260670e+02  -5.923757184183e-02  -6.387513733071e+00   5.164849739535e-01   8.551418249936e-01  -1.739719236437e-02   3.132755482308e-02
  1.030000000000e+00   1.851161564006e+02   1.392962498632e+00  -1.061844523521e+00   9.674937448810e+01   1.253780175468e-01   1.090580048118e-01   2.020971372844e+02  -5.962646117343e-02  -6.312623758572e+00   2.965669867879e-01   9.539602083405e-01  -9.548843887604e-03   3.496207747786e-02
  1.035000000000e+00   1.850236343151e+02   7.220022492697e-01  -1.595801578962e+00   9.670082017983e+01   1.627026377158e-01   4.069201894847e-02   2.030187221765e+02  -6.001672700191e-02  -6.236974796653e+00   5.950377213362e-02   9.972053911445e-01  -9.731880911903e-04   3.664138431558e-02
  1.040000000000e+00   1.849306355701e+02  -1.231579803797e-01  -1.745749016338e+00   9.665231745567e+01   1.649550244296e-01  -3.791131281607e-02   2.039397767618e+02  -6.040840987358e-02  -6.160567577800e+00  -1.808949382831e-01   9.824474477492e-01   7.845972867992e-03   3.622922824035e-02
  1.045000000000e+00   1.848380345824e+02  -9.377023209910e-01  -1.474354621462e+00   9.660385246063e+01   1.309549829287e-01  -1.096416244761e-01   2.048603000033e+02  -6.080154178385e-02  -6.083402617891e+00  -4.106602801845e-01   9.106317649134e-01   1.640210039678e-02   3.370813419975e-02
  1.050000000000e+00   1.847465769518e+02  -1.523497829916e+00  -8.472248261193e-01   9.655548720600e+01   6.749567729889e-02  -1.585571320466e-01   2.057802952647e+02  -6.119614372610e-02  -6.005480102126e+00  -6.164756152778e-01   7.860123621940e-01   2.419482244756e-02   2.918230443813e-02
  1.055000000000e+00   1.846562004913e+02  -1.737926942797e+00  -1.727416008517e-02   9.650730382297e+01  -1.198833737325e-02  -1.734333441647e-01   2.066997677677e+02  -6.159223251036e-02  -5.926800067463e+00  -7.864462964325e-01   6.158935022990e-01   3.075888741345e-02   2.287355752517e-02
  1.060000000000e+00   1.845660944673e+02  -1.529257448157e+00   8.126267019579e-01   9.645933059757e+01  -9.025422814064e-02  -1.503460094340e-01   2.076187203669e+02  -6.198982980732e-02  -5.847362722478e+00  -9.107833444127e-01   4.101958901159e-01   3.569150669231e-02   1.511045686721e-02
  1.065000000000e+00   1.844754439828e+02  -9.496575265811e-01   1.439563704536e+00   9.641151742104e+01  -1.499912683590e-01  -9.369181207743e-02   2.085371515089e+02  -6.238896477613e-02  -5.767168611575e+00  -9.823621850554e-01   1.808737307174e-01   3.867651080598e-02   6.311171082480e-03
  1.070000000000e+00   1.843841748110e+02  -1.424948936912e-01   1.710691533504e+00   9.636378293663e+01  -1.776578814490e-01  -1.538349267503e-02   2.094550572356e+02  -6.278966882770e-02  -5.686218468383e+00  -9.971251367751e-01  -5.878300372401e-02   3.950391033627e-02  -3.039043299792e-03
  1.075000000000e+00   1.842930135094e+02   6.930302441939e-01   1.561064435920e+00   9.631608974662e+01  -1.665629740465e-01   6.764336724831e-02   2.103724353725e+02  -6.319196851329e-02  -5.604512889429e+00  -9.543052381172e-01  -2.949205138245e-01   3.808368533763e-02  -1.241453741778e-02
  1.080000000000e+00   1.842028110449e+02   1.351187347629e+00   1.029716800547e+00   9.626847845759e+01  -1.184870754933e-01   1.370940383610e-01   2.112892880382e+02  -6.359588316321e-02  -5.522052128612e+00  -8.564591791460e-01  -5.139224559644e-01   3.445292878489e-02  -2.127868336345e-02
  1.085000000000e+00   1.841137583478e+02   1.670704060258e+00   2.499255037924e-01   9.622102969714e+01  -4.344905271126e-02   1.773563682628e-01   2.122056201842e+02  -6.400142862638e-02  -5.438836205021e+00  -7.093083195076e-01  -7.031939576096e-01   2.877584021448e-02  -2.911435945371e-02
  1.090000000000e+00   1.840252187854e+02   1.574732356719e+00  -5.839727707060e-01   9.617378985710e+01   4.236897351121e-02   1.790250026890e-01   2.131214355517e+02  -6.440862245787e-02  -5.354865227485e+00  -5.213981844371e-01  -8.518830790415e-01   2.133647818480e-02  -3.545378128659e-02
  1.095000000000e+00   1.839363269720e+02   1.089806375558e+00  -1.264969301769e+00   9.612672945650e+01   1.201125146212e-01   1.411089496216e-01   2.140367338047e+02  -6.481748509340e-02  -5.270139635357e+00  -3.035972798657e-01  -9.514986829591e-01   1.252459172016e-02  -3.990598111793e-02
  1.100000000000e+00   1.838467914683e+02   3.390371942904e-01  -1.624917230149e+00   9.607977214472e+01   1.724086873081e-01   7.140173224769e-02   2.149515114751e+02  -6.522803688424e-02  -5.184660129591e+00  -6.846485784677e-02  -9.963900889678e-01   2.815233313389e-03  -4.218035728812e-02
  1.105000000000e+00   1.837571540636e+02  -4.887750765119e-01  -1.576344951443e+00   9.603286649609e+01   1.872656865979e-01  -1.510508893213e-02   2.158657657905e+02  -6.564029543592e-02  -5.098427356433e+00   1.704756774370e-01  -9.840618225173e-01  -7.256795157517e-03  -4.210490777416e-02
  1.110000000000e+00   1.836682707192e+02  -1.186403982277e+00  -1.134097410769e+00   9.598603336680e+01   1.608382039250e-01  -9.944689603986e-02   2.167794977905e+02  -6.605427620509e-02  -5.011441639105e+00   3.995157212773e-01  -9.153060588598e-01  -1.712630134607e-02  -3.963802858143e-02
  1.115000000000e+00   1.835805066046e+02  -1.580021533194e+00  -4.113918972585e-01   9.593934514593e+01   9.841695463033e-02  -1.628559786342e-01   2.176927118397e+02  -6.646999485053e-02  -4.923703010253e+00   6.055476827978e-01  -7.941459221835e-01  -2.622925582263e-02  -3.487310408874e-02
  1.120000000000e+00   1.834933999339e+02  -1.572623400605e+00   4.087260845245e-01   9.589285722165e+01   1.338858800506e-02  -1.909565852271e-01   2.186054120408e+02  -6.688746768402e-02  -4.835211517071e+00   7.768131384195e-01  -6.275939934086e-01  -3.403477866154e-02  -2.803552515146e-02
  1.125000000000e+00   1.834061044520e+02  -1.168187765439e+00   1.119385034333e+00   9.584655636018e+01  -7.563485042261e-02  -1.770428707890e-01   2.195175989424e+02  -6.730670887658e-02  -4.745967513051e+00   9.035703551952e-01  -4.252411049640e-01  -4.007576009099e-02  -1.947220028009e-02
  1.130000000000e+00   1.833181880044e+02  -4.705164800175e-01   1.541832131270e+00   9.580037414733e+01  -1.489018597453e-01  -1.236880407240e-01   2.204292696247e+02  -6.772772781015e-02  -4.655971659574e+00   9.786437711583e-01  -1.986998871713e-01  -4.397637925862e-02  -9.634039457399e-03
  1.135000000000e+00   1.832300330554e+02   3.429580669716e-01   1.570308480128e+00   9.575425209301e+01  -1.899234183744e-01  -4.229647690866e-02   2.213404210452e+02  -6.815053099283e-02  -4.565224633043e+00   9.978248848689e-01   3.906465375105e-02  -4.547493038972e-02   9.477218962754e-04
  1.140000000000e+00   1.831424646408e+02   1.065845920384e+00   1.198603896812e+00   9.570819652773e+01  -1.892052698811e-01   4.933184984645e-02   2.222510534573e+02  -6.857512762896e-02  -4.473726813712e+00   9.601023293370e-01   2.744789933589e-01  -4.444059059339e-02   1.169013202108e-02
  1.145000000000e+00   1.830559616936e+02   1.514763292283e+00   5.216214979418e-01   9.566227153813e+01  -1.464605220252e-01   1.309054025452e-01   2.231611706691e+02  -6.900153267850e-02  -4.381478253362e+00   8.677086683212e-01   4.941365208826e-01  -4.088307749124e-02   2.199052815813e-02
  1.150000000000e+00   1.829701998908e+02   1.575563025974e+00  -2.884638548736e-01   9.561653704524e+01  -7.078339672252e-02   1.841545428250e-01   2.240707769138e+02  -6.942976283705e-02  -4.288478957141e+00   7.259822242431e-01   6.855599612434e-01  -3.495453956885e-02   3.126017790759e-02
  1.155000000000e+00   1.828843593271e+02   1.232229587630e+00  -1.025508895293e+00   9.557099103732e+01   2.128148365447e-02   1.969457810443e-01   2.249798733151e+02  -6.985982806477e-02  -4.194729214752e+00   5.430530291725e-01   8.379074278567e-01  -2.694346049860e-02   3.895768581654e-02
  1.160000000000e+00   1.827979051670e+02   5.711580431530e-01  -1.501342286632e+00   9.552557092856e+01   1.093655080776e-01   1.660652918165e-01   2.258884573149e+02  -7.029172725044e-02  -4.100229663128e+00   3.293718081599e-01   9.425825415135e-01  -1.726079895437e-02   4.462029343384e-02
  1.165000000000e+00   1.827110990270e+02  -2.403164071706e-01  -1.593333075439e+00   9.548021282235e+01   1.738013773292e-01   9.802904560928e-02   2.267965256159e+02  -7.072545424854e-02  -4.004981014011e+00   9.710936340332e-02   9.937147380145e-01  -6.419009213235e-03   4.789129115798e-02
  1.170000000000e+00   1.826247515206e+02  -9.958279721926e-01  -1.275641322841e+00   9.543491227649e+01   2.000375970177e-01   7.714788254597e-03   2.277040778427e+02  -7.116100994802e-02  -3.908983701509e+00  -1.405391812622e-01   9.884831368048e-01   4.995007248445e-03   4.854193568551e-02
  1.175000000000e+00   1.825394458636e+02  -1.501888360331e+00  -6.262576028204e-01   9.538972840718e+01   1.819457598299e-01  -8.489885534840e-02   2.286111174181e+02  -7.159840811192e-02  -3.812237788714e+00  -3.701053576403e-01   9.272661730016e-01   1.635159895210e-02   4.648653913376e-02
  1.180000000000e+00   1.824549690498e+02  -1.626822143085e+00   1.920291901832e-01   9.534472680107e+01   1.232640835236e-01  -1.591694801090e-01   2.295176487812e+02  -7.203766740815e-02  -3.714743232339e+00  -5.786104901021e-01   8.136093581352e-01   2.701299353467e-02   4.178976597532e-02
  1.185000000000e+00   1.823704985531e+02  -1.334458448050e+00   9.720888871786e-01   9.529991518658e+01   3.683490076635e-02  -1.984144235850e-01   2.304236735618e+02  -7.247879558612e-02  -3.616500261503e+00  -7.542976281385e-01   6.540141679982e-01   3.636895436981e-02   3.466561089650e-02
  1.190000000000e+00   1.822853793762e+02  -6.940644232104e-01   1.514319680363e+00   9.525523357194e+01  -5.821067941540e-02  -1.936800719856e-01   2.313291893728e+02  -7.292178114324e-02  -3.517509507072e+00  -8.872912860881e-01   4.575611213968e-01   4.387148857801e-02   2.546798901547e-02
  1.195000000000e+00   1.821997586494e+02   1.361080619780e-01   1.677024731514e+00   9.521060948900e+01  -1.407026546893e-01  -1.458006195666e-01   2.322341924400e+02  -7.336660286197e-02  -3.417771745117e+00  -9.701484256402e-01   2.353890631908e-01   4.906665793537e-02   1.467332330001e-02
  1.200000000000e+00   1.821144657494e+02   9.477261150019e-01   1.412694549342e+00   9.516602678407e+01  -1.921689826575e-01  -6.526942720739e-02   2.331386816371e+02  -7.381325035431e-02  -3.317287486661e+00  -9.982701854341e-01   6.045380141806e-05   5.162166180905e-02   2.855959096900e-03
  1.205000000000e+00   1.820302326061e+02   1.534178313309e+00   7.810353094315e-01   9.512154216695e+01  -2.009943855358e-01   3.006302138579e-02   2.340426600826e+02  -7.426173564267e-02  -3.216056805262e+00  -9.701516117291e-01  -2.351510697607e-01   5.134558132246e-02  -9.342338288190e-03
  1.210000000000e+00   1.819469814153e+02   1.742460698379e+00  -6.468382395612e-02   9.507723200333e+01  -1.650595955500e-01   1.189586730778e-01   2.349461326844e+02  -7.471208223810e-02  -3.114079582263e+00  -8.874560099176e-01  -4.570101100029e-01   4.820250722346e-02  -2.124717757560e-02
  1.215000000000e+00   1.818638638420e+02   1.512233343595e+00  -9.147872728972e-01   9.503311809192e+01  -9.225771076013e-02   1.815427578952e-01   2.358491018481e+02  -7.516429959606e-02  -3.011355954877e+00  -7.549108240837e-01  -6.530633391090e-01   4.231619833135e-02  -3.218873381707e-02
  1.220000000000e+00   1.817800409650e+02   8.922285572719e-01  -1.554831267359e+00   9.498914287908e+01   1.239026012081e-03   2.037686690402e-01   2.367515653995e+02  -7.561836684625e-02  -2.907886544486e+00  -5.800320882852e-01  -8.123361122086e-01   3.396588496523e-02  -4.153929817886e-02
  1.225000000000e+00   1.816954870657e+02   2.972324511947e-02  -1.819051885816e+00   9.494521983078e+01   9.458127942664e-02   1.805893316301e-01   2.376535188030e+02  -7.607424397018e-02  -2.803672230682e+00  -3.726937649537e-01  -9.259433517059e-01   2.357330684746e-02  -4.874910405377e-02
  1.230000000000e+00   1.816110520461e+02  -8.645885700910e-01  -1.632402653635e+00   9.490131394115e+01   1.669089068847e-01   1.171150825321e-01   2.385549597393e+02  -7.653190336313e-02  -2.698713661144e+00  -1.445665907262e-01  -9.875810022251e-01   1.168155160727e-02  -5.337840106525e-02
  1.235000000000e+00   1.815276924007e+02  -1.567894516258e+00  -1.030669968683e+00   9.485747688019e+01   2.020329535310e-01   2.748992433438e-02   2.394558907808e+02  -7.699135251843e-02  -2.593010953016e+00   9.154165545929e-02  -9.938708775724e-01  -1.073265494364e-03  -5.512390533305e-02
  1.240000000000e+00   1.814455641957e+02  -1.900251951550e+00  -1.534710392624e-01   9.481380124766e+01   1.920776586716e-01  -6.826699371515e-02   2.403563175270e+02  -7.745262355959e-02  -2.486563885405e+00   3.224068249501e-01  -9.445400796047e-01  -1.399600062119e-02  -5.383803641906e-02
  1.245000000000e+00   1.813638300614e+02  -1.769775998505e+00   7.884391468373e-01   9.477033350318e+01   1.392592211651e-01  -1.487469727807e-01   2.412562437502e+02  -7.791573571711e-02  -2.379372431869e+00   5.351290719238e-01  -8.424259012941e-01  -2.637032822746e-02  -4.953974984700e-02
  1.250000000000e+00   1.812813955923e+02  -1.196826628168e+00   1.563818724393e+00   9.472702596662e+01   5.539741021379e-02  -1.959557272483e-01   2.421556679961e+02  -7.838066434770e-02  -2.271437147625e+00   7.178520528133e-01  -6.933071713444e-01  -3.749837618250e-02  -4.241624151996e-02
  1.255000000000e+00   1.811979260728e+02  -3.110266034502e-01   1.977355916908e+00   9.468377516846e+01  -4.073291500203e-02  -1.993539779257e-01   2.430545849244e+02  -7.884734800427e-02  -2.162759032090e+00   8.604209882464e-01  -5.055724435953e-01  -4.673997761428e-02  -3.281528939545e-02
  1.260000000000e+00   1.811142030720e+02   6.784866310981e-01   1.918137000087e+00   9.464051489063e+01  -1.276158248552e-01  -1.582237968112e-01   2.439529903736e+02  -7.931573192792e-02  -2.053338960203e+00   9.549434636238e-01  -2.897440584413e-01  -5.354935196943e-02  -2.122849552513e-02
  1.265000000000e+00   1.810314558823e+02   1.532645178755e+00   1.388254917809e+00   9.459727951188e+01  -1.858251939282e-01  -8.182645664086e-02   2.448508856015e+02  -7.978580991178e-02  -1.943177190353e+00   9.962220310006e-01  -5.788499423668e-02  -5.750711222664e-02  -8.266202298617e-03
  1.270000000000e+00   1.809502407777e+02   2.040052138995e+00   5.043675458350e-01   9.455417697929e+01  -2.023838248785e-01   1.268406060925e-02   2.457482766972e+02  -8.025762319665e-02  -1.832273417935e+00   9.820347987964e-01   1.770777881372e-01  -5.834570974078e-02   5.374641667316e-03
  1.275000000000e+00   1.808698860358e+02   2.068733749364e+00  -5.284897441458e-01   9.451129185041e+01  -1.736690608555e-01   1.041205837983e-01   2.466451694586e+02  -8.073121250533e-02  -1.720627362818e+00   9.132491166663e-01   4.020750444756e-01  -5.596678321529e-02   1.894795536438e-02
  1.280000000000e+00   1.807890437794e+02   1.599470056916e+00  -1.464835848087e+00   9.446860462101e+01  -1.062121225863e-01   1.720242315100e-01   2.475415642415e+02  -8.120656400645e-02  -1.608239379440e+00   7.937632408412e-01   6.046214825386e-01  -5.044933426610e-02   3.169931231066e-02
  1.285000000000e+00   1.807068938186e+02   7.324563000254e-01  -2.077129773647e+00   9.442600267713e+01  -1.521400966428e-02   2.012549767267e-01   2.484374555369e+02  -8.168360000692e-02  -1.495110522557e+00   6.302803796757e-01   7.735065142080e-01  -4.204814893083e-02   4.290782593886e-02
  1.290000000000e+00   1.806239250779e+02  -3.346223403461e-01  -2.210703352219e+00   9.438337749477e+01   7.888459526665e-02   1.853786766145e-01   2.493328369091e+02  -8.216222851812e-02  -1.381241969457e+00   4.319283045653e-01   8.994118259818e-01  -3.118239437439e-02   5.192683404940e-02
  1.295000000000e+00   1.805415602034e+02  -1.352179459733e+00  -1.822030714666e+00   9.434072338811e+01   1.550038842563e-01   1.280903627118e-01   2.502277070474e+02  -8.264241133987e-02  -1.266634288836e+00   2.097459252138e-01   9.754219086201e-01  -1.841485135954e-02   5.822109156547e-02
  1.300000000000e+00   1.804609121784e+02  -2.077344223036e+00  -9.909978196846e-01   9.429814781592e+01   1.961577294498e-01   4.235742971686e-02   2.511220714687e+02  -8.312418798147e-02  -1.151287218804e+00  -2.393420287637e-02   9.973993814244e-01  -4.422791656443e-03   6.139831315078e-02
  1.305000000000e+00   1.803817615384e+02  -2.331774022345e+00   9.602910426744e-02   9.425577961519e+01   1.932532307658e-01  -5.251840500192e-02   2.520159381127e+02  -8.360762857191e-02  -1.035200190604e+00  -2.561723692582e-01   9.642047372295e-01   1.003797551810e-02   6.123319625073e-02
  1.310000000000e+00   1.803026884914e+02  -2.044922748980e+00   1.188613108151e+00   9.421365335055e+01   1.471053228407e-01  -1.352527420956e-01   2.529093105218e+02  -8.409275319803e-02  -9.183731687501e-01  -4.741385037452e-01   8.777493932938e-01   2.417395331553e-02   5.768248206806e-02
  1.315000000000e+00   1.802222911609e+02  -1.272374834762e+00   2.030347669751e+00   9.417167292097e+01   6.821962599496e-02  -1.873605703825e-01   2.538021846408e+02  -8.457948905251e-02  -8.008070641405e-01  -6.658196723640e-01   7.428804234565e-01   3.719749620661e-02   5.089011052266e-02
  1.320000000000e+00   1.801404418931e+02  -1.846704738070e-01   2.419084146831e+00   9.412969066296e+01  -2.559989123301e-02  -1.972928701120e-01   2.546945522730e+02  -8.506770822839e-02  -6.825033190904e-01  -8.206798299049e-01   5.671042289168e-01   4.837067723017e-02   4.118204346392e-02
  1.325000000000e+00   1.800584600083e+02   9.710257405449e-01   2.255116661028e+00   9.408763617338e+01  -1.132730025719e-01  -1.630006797853e-01   2.555864083930e+02  -8.555731897049e-02  -5.634629887588e-01  -9.302359878175e-01   3.601647152514e-01   5.704705962359e-02   2.905086848712e-02
  1.330000000000e+00   1.799780059312e+02   1.927644266877e+00   1.565892997172e+00   9.404558215932e+01  -1.751847904892e-01  -9.235617776540e-02   2.564777559673e+02  -8.604833126535e-02  -4.436861150388e-01  -9.885191549849e-01   1.334995244710e-01   6.270899247328e-02   1.513086907019e-02
  1.335000000000e+00   1.798996301219e+02   2.460172906176e+00   5.012726345032e-01   9.400368641910e+01  -1.975780840275e-01  -1.344973349152e-03   2.573686039072e+02  -8.654083472948e-02  -3.231719688332e-01  -9.923947454603e-01  -1.003949611204e-01   6.499824945717e-02   1.648259091466e-04
  1.340000000000e+00   1.798222463593e+02   2.438427392088e+00  -6.997726855827e-01   9.396205651152e+01  -1.756119102200e-01   8.955384918023e-02   2.582589597004e+02  -8.703490275403e-02  -2.019199918915e-01  -9.417255072553e-01  -3.286539196405e-01   6.373820031845e-02  -1.503567806749e-02
  1.345000000000e+00   1.797440248767e+02   1.858285551217e+00  -1.763454242304e+00   9.392065344568e+01  -1.144061858014e-01   1.599783099331e-01   2.591488230116e+02  -8.753050408454e-02  -7.993063957915e-02  -8.393693106691e-01  -5.387512984195e-01   5.894619167230e-02  -2.963430616143e-02
