  Time[s]              u[ft/s]            v[ft/s]                w[ft/s]              p[rad/s]             q[rad/s]             r[rad/s]             x[ft]                y[ft]                z[ft]                e0                   ex                   ey                   ez
  0.000000000000e+00   3.000000000000e+02   0.000000000000e+00   0.000000000000e+00  -1.212832670300e+01   4.060490360143e+01   3.628803036893e+01   0.000000000000e+00   0.000000000000e+00  -5.000000000000e+00   9.990482215819e-01   0.000000000000e+00   4.361938736534e-02   0.000000000000e+00
  5.000000000000e-03   2.888480163040e+02  -5.545170993693e+01   5.873684425162e+01  -1.212832670300e+01   4.060490360143e+01   3.628803036893e+01   1.494080729525e+00   2.404957477272e-04  -5.130026197966e+00   9.849325770135e-01  -2.624941673438e-02   1.442825993221e-01   9.165814955218e-02
  1.000000000000e-02   2.564018170261e+02  -1.102629295092e+02   1.096233997690e+02  -1.212832670300e+01   4.060490360143e+01   3.628803036893e+01   2.987927613644e+00   1.048967203238e-03  -5.258733765723e+00   9.516870002212e-01  -5.198899934410e-02   2.421434604048e-01   1.815360518357e-01
  1.500000000000e-02   2.051836630895e+02  -1.601816092664e+02   1.487290085276e+02  -1.212832670300e+01   4.060490360143e+01   3.628803036893e+01   4.481545676628e+00   2.404087101624e-03  -5.386219421442e+00   8.999572080952e-01  -7.671881872931e-02   3.353012603081e-01   2.678880461121e-01
  2.000000000000e-02   1.391653478499e+02  -2.013353321591e+02   1.730377034476e+02  -1.212832670300e+01   4.060490360143e+01   3.628803036893e+01   5.974955040911e+00   4.240011625904e-03  -5.512592008229e+00   8.307479286463e-01  -9.995855805010e-02   4.219466345116e-01   3.490369540583e-01
  2.500000000000e-02   6.346184783098e+01  -2.305276114556e+02   1.806797066693e+02  -1.212832670300e+01   4.060490360143e+01   3.628803036893e+01   7.468184103244e+00   6.468663555286e-03  -5.637967077667e+00   7.454033865576e-01  -1.212568417177e-01   5.003967068010e-01   4.234066548925e-01
  3.000000000000e-02  -1.605993472640e+01  -2.454821530537e+02   1.710794070659e+02  -1.212832670300e+01   4.060490360143e+01   3.628803036893e+01   8.961249119453e+00   9.015009985576e-03  -5.762460670615e+00   6.455811948353e-01  -1.402000022708e-01   5.691277750566e-01   4.895526976995e-01
  3.500000000000e-02  -9.323750979183e+01  -2.450212986103e+02   1.450085436880e+02  -1.212832670300e+01   4.060490360143e+01   3.628803036893e+01   1.045413361418e+01   1.186767456155e-02  -5.886168077192e+00   5.332201596526e-01  -1.564201148621e-01   6.268049054660e-01   5.461903563829e-01
  4.000000000000e-02  -1.621035944018e+02  -2.291626959235e+02   1.045198603820e+02  -1.212832670300e+01   4.060490360143e+01   3.628803036893e+01   1.194678824265e+01   1.510453082479e-02  -6.009113726850e+00   4.105026236991e-01  -1.696021433036e-01   6.723078603667e-01   5.922195823472e-01
  4.500000000000e-02  -2.173464649622e+02  -1.991193647017e+02   5.276752502743e+01  -1.212832670300e+01   4.060490360143e+01   3.628803036893e+01   1.343915774571e+01   1.884558866088e-02  -6.131214420901e+00   2.798120794266e-01  -1.794900588781e-01   7.047528561312e-01   6.267463702624e-01
  5.000000000000e-02  -2.547062305581e+02  -1.572044764217e+02  -6.239434777477e+00  -1.212832670300e+01   4.060490360143e+01   3.628803036893e+01   1.493122409117e+01   2.318474418554e-02  -6.252306065253e+00   1.436868754509e-01  -1.858918130713e-01   7.235097285035e-01   6.491001219352e-01
  5.500000000000e-02  -2.712984778466e+02  -1.066517812987e+02  -6.793844941579e+01  -1.212832670300e+01   4.060490360143e+01   3.628803036893e+01   1.642304418636e+01   2.816383678395e-02  -6.372209353887e+00   4.770915252195e-03  -1.886830676436e-01   7.282141719897e-01   6.588466710342e-01
  6.000000000000e-02  -2.658375551690e+02  -5.136588191958e+01  -1.275604872075e+02  -1.212832670300e+01   4.060490360143e+01   3.628803036893e+01   1.791476097664e+01   3.377953352669e-02  -6.490798360118e+00  -1.342376942677e-01  -1.878096095927e-01   7.187748155843e-01   6.557967156973e-01
  6.500000000000e-02  -2.387367791980e+02   4.378556144721e+00  -1.804957414613e+02  -1.212832670300e+01   4.060490360143e+01   3.628803036893e+01   1.940657912824e+01   3.999485290642e-02  -6.608055656726e+00  -2.706390469933e-01  -1.832884041029e-01   6.953749974032e-01   6.400094952372e-01
  7.000000000000e-02  -1.920769657721e+02   5.626532738664e+01  -2.226468053924e+02  -1.212832670300e+01   4.060490360143e+01   3.628803036893e+01   2.089870921369e+01   4.673739515592e-02  -6.724101252752e+00  -4.017838767429e-01  -1.752072650305e-01   6.584692037561e-01   6.117916395360e-01
  7.500000000000e-02  -1.294468130555e+02   1.002680007866e+02  -2.507387751008e+02  -1.212832670300e+01   4.060490360143e+01   3.628803036893e+01   2.239128956116e+01   5.387758274949e-02  -6.839180392120e+00  -5.251250128535e-01  -1.637231493242e-01   6.087742418212e-01   5.716912134757e-01
  8.000000000000e-02  -5.567303640024e+01   1.329642304620e+02  -2.625585667141e+02  -1.212832670300e+01   4.060490360143e+01   3.628803036893e+01   2.388429628978e+01   6.120068183679e-02  -6.953582018836e+00  -6.382668528008e-01  -1.490591085092e-01   5.472553173725e-01   5.204870720787e-01
  8.500000000000e-02   2.352723509263e+01   1.518231348603e+02  -2.571229421247e+02  -1.212832670300e+01   4.060490360143e+01   3.628803036893e+01   2.537750175924e+01   6.844036674345e-02  -7.067452669279e+00  -7.390118909700e-01  -1.314999564441e-01   4.751072879660e-01   4.591737331088e-01
  9.000000000000e-02   1.019727847113e+02   1.554141662570e+02  -2.348043235217e+02  -1.212832670300e+01   4.060490360143e+01   3.628803036893e+01   2.687061795231e+01   7.542917244491e-02  -7.180647739049e+00  -8.254033998689e-01  -1.113867374935e-01   3.937314556976e-01   3.889420609462e-01
  9.500000000000e-02   1.735342494760e+02   1.434875911092e+02  -1.973307506083e+02  -1.212832670300e+01   4.060490360143e+01   3.628803036893e+01   2.836348871265e+01   8.219686530276e-02  -7.292862799690e+00  -8.957634348028e-01  -8.911010256077e-02   3.047083502772e-01   3.111561369067e-01
  1.000000000000e-01   2.326373432836e+02   1.169850305565e+02  -1.476239931877e+02  -1.212832670300e+01   4.060490360143e+01   3.628803036893e+01   2.985608532711e+01   8.891128422888e-02  -7.403838886145e+00  -9.487254238646e-01  -6.510272163355e-02   2.097670310430e-01   2.273267652429e-01
  1.050000000000e-01   2.746941210581e+02   7.797403934617e+01  -8.955316584390e+01  -1.212832670300e+01   4.060490360143e+01   3.628803036893e+01   3.134842448509e+01   9.578374478795e-02  -7.513428633963e+00  -9.832607102579e-01  -3.983088021115e-02   1.107515041490e-01   1.390821294100e-01
  1.100000000000e-01   2.964506868174e+02   2.949022501027e+01  -2.762831544518e+01  -1.212832670300e+01   4.060490360143e+01   3.628803036893e+01   3.284052207773e+01   1.030046259501e-01  -7.621582232704e+00  -9.986985314332e-01  -1.378542283289e-02   9.584907193633e-03   4.813616852681e-02
  1.150000000000e-01   2.962322610247e+02  -2.469853793268e+01   3.335011666265e+01  -1.212832670300e+01   4.060490360143e+01   3.628803036893e+01   3.433238133973e+01   1.107100333193e-01  -7.728317566500e+00  -9.947390469922e-01   1.252778039272e-02  -9.176784308671e-02  -4.374471175538e-02
  1.200000000000e-01   2.740680752151e+02  -8.038481226634e+01   8.866222368413e+01  -1.212832670300e+01   4.060490360143e+01   3.628803036893e+01   3.582399844138e+01   1.189699503968e-01  -7.833695380848e+00  -9.714591623247e-01   3.859765909308e-02  -1.913382145778e-01  -1.347759474169e-01
  1.250000000000e-01   2.316857619380e+02  -1.332477780568e+02   1.340326699442e+02  -1.212832670300e+01   4.060490360143e+01   3.628803036893e+01   3.731537425911e+01   1.277904619539e-01  -7.937802566080e+00  -9.293110348686e-01   6.391786893830e-02  -2.871922937641e-01  -2.231894769124e-01
  1.300000000000e-01   1.723750732945e+02  -1.791871093545e+02   1.659597204373e+02  -1.212832670300e+01   4.060490360143e+01   3.628803036893e+01   3.880652402590e+01   1.371254900076e-01  -8.040741843279e+00  -8.691132920071e-01   8.799662615487e-02  -3.774683473194e-01  -3.072680814894e-01
  1.350000000000e-01   1.007324246133e+02  -2.146378756431e+02   1.819837735662e+02  -1.212832670300e+01   4.060490360143e+01   3.628803036893e+01   4.029747728359e+01   1.468954072964e-01  -8.142625441617e+00  -7.920351311736e-01   1.103662592348e-01  -4.604129817670e-01  -3.853787380048e-01
  1.400000000000e-01   2.230838543468e+01  -2.368424471667e+02   1.808774346496e+02  -1.212832670300e+01   4.060490360143e+01   3.628803036893e+01   4.178826290528e+01   1.570145965058e-01  -8.243570347656e+00  -6.995736109833e-01   1.305922923215e-01  -5.344151988972e-01  -4.560043364424e-01
  1.450000000000e-01  -5.681857363167e+01  -2.440628854085e+02   1.627475829750e+02  -1.212832670300e+01   4.060490360143e+01   3.628803036893e+01   4.327888476030e+01   1.674353497642e-01  -8.343687226122e+00  -5.935245744559e-01   1.482818838489e-01  -5.980376854977e-01  -5.177731460943e-01
  1.500000000000e-01  -1.305220195126e+02  -2.357204753329e+02   1.290312490554e+02  -1.212832670300e+01   4.060490360143e+01   3.628803036893e+01   4.476930840610e+01   1.781932481988e-01  -8.443043723880e+00  -4.759477690772e-01   1.630914565353e-01  -6.500447296694e-01  -5.694854580984e-01
  1.550000000000e-01  -1.931112137473e+02  -2.124447028535e+02   8.236737996264e+01  -1.212832670300e+01   4.060490360143e+01   3.628803036893e+01   4.625947536916e+01   1.893966657972e-01  -8.541611948764e+00  -3.491268411576e-01   1.747333705358e-01  -6.894262215213e-01  -6.101368868644e-01
  1.600000000000e-01  -2.397603894412e+02  -1.760239739755e+02   2.637882328238e+01  -1.212832670300e+01   4.060490360143e+01   3.628803036893e+01   4.774934179439e+01   2.011586051450e-01  -8.639261566799e+00  -2.155249815019e-01   1.829815101450e-01  -7.154172720896e-01  -6.389378778151e-01
  1.650000000000e-01  -2.668707552290e+02  -1.292659656685e+02  -3.460247554236e+01  -1.212832670300e+01   4.060490360143e+01   3.628803036893e+01   4.923892292811e+01   2.135471424982e-01  -8.735811518326e+00  -7.773708386601e-02   1.876756755419e-01  -7.275130694315e-01  -6.553290425533e-01
  1.700000000000e-01  -2.723468354268e+02  -7.578033422973e+01  -9.586271377316e+01  -1.212832670300e+01   4.060490360143e+01   3.628803036893e+01   5.072831971248e+01   2.265794821500e-01  -8.831100589294e+00   6.156065459359e-02   1.887246942771e-01  -7.254786833497e-01  -6.589920236050e-01
  1.750000000000e-01  -2.557592657495e+02  -1.970034667920e+01  -1.526665890319e+02  -1.212832670300e+01   4.060490360143e+01   3.628803036893e+01   5.221771200255e+01   2.402341103290e-01  -8.925051512291e+00   1.996627119862e-01   1.861081920702e-01  -7.093536283159e-01  -6.498556777192e-01
  1.800000000000e-01  -2.183785947741e+02   3.463514549434e+01  -2.006205148141e+02  -1.212832670300e+01   4.060490360143e+01   3.628803036893e+01   5.370731677265e+01   2.544572457764e-01  -9.017715019567e+00   3.338867899105e-01   1.798769885235e-01  -6.794510959699e-01  -6.280974576278e-01
  1.850000000000e-01  -1.630776436962e+02   8.301484745664e+01  -2.360077365505e+02  -1.212832670300e+01   4.060490360143e+01   3.628803036893e+01   5.519731900284e+01   2.691510207954e-01  -9.109280153374e+00   4.616259106129e-01   1.701521100671e-01  -6.363518721014e-01  -5.941399654308e-01
  1.900000000000e-01  -9.411267472958e+01   1.216797423276e+02  -2.560654687995e+02  -1.212832670300e+01   4.060490360143e+01   3.628803036893e+01   5.668778484091e+01   2.841446839771e-01  -9.200030833880e+00   5.803990512184e-01   1.571224393059e-01  -5.808930562630e-01  -5.486427445466e-01
  1.950000000000e-01  -1.681027153792e+01   1.476255106844e+02  -2.591851560531e+02  -1.212832670300e+01   4.060490360143e+01   3.628803036893e+01   5.817858305617e+01   2.991859112411e-01  -9.290210312347e+00   6.878993315884e-01   1.410410464247e-01  -5.141518031092e-01  -4.924894696521e-01
  2.000000000000e-01   6.281580204803e+01   1.588599106154e+02  -2.450592912270e+02  -1.212832670300e+01   4.060490360143e+01   3.628803036893e+01   5.966942827839e+01   3.140375154967e-01  -9.379820104089e+00   7.820388198707e-01   1.222202739057e-01  -4.374244012480e-01  -4.267707834164e-01
  2.050000000000e-01   1.385419689754e+02   1.545446917764e+02  -2.147583960802e+02  -1.212832670300e+01   4.060490360143e+01   3.628803036893e+01   6.116008603733e+01   3.286298780434e-01  -9.468607135242e+00   8.609890855051e-01   1.010256700242e-01  -3.522010959463e-01  -3.527631133822e-01
  2.100000000000e-01   2.044586131003e+02   1.350362660267e+02  -1.706421672622e+02  -1.212832670300e+01   4.060490360143e+01   3.628803036893e+01   6.265047054113e+01   3.430742964763e-01  -9.556274192530e+00   9.232167120391e-01   7.786888895264e-02  -2.601371446997e-01  -2.719038804292e-01
  2.150000000000e-01   2.554398869724e+02   1.018615842908e+02  -1.161485776102e+02  -1.212832670300e+01   4.060490360143e+01   3.628803036893e+01   6.414058054072e+01   3.575711050309e-01  -9.642617853016e+00   9.675130800044e-01   5.319969536855e-02  -1.630206678410e-01  -1.857635803326e-01
  2.200000000000e-01   2.875349227657e+02   5.760477967580e+01  -5.551479661332e+01  -1.212832670300e+01   4.060490360143e+01   3.628803036893e+01   6.563043294270e+01   3.723269534135e-01  -9.727543578919e+00   9.930178413948e-01   2.749722885953e-02  -6.273791861340e-02  -9.601528066624e-02
  2.250000000000e-01   2.982657920734e+02   5.707255644382e+00   6.554584977195e+00  -1.212832670300e+01   4.060490360143e+01   3.628803036893e+01   6.712003621485e+01   3.875067717808e-01  -9.811039005673e+00   9.992356298095e-01   1.260697792337e-03   3.876335274800e-02  -4.402125500899e-03
  2.300000000000e-01   2.868133874452e+02  -4.979977093192e+01   6.525175168024e+01  -1.212832670300e+01   4.060490360143e+01   3.628803036893e+01   6.860938884735e+01   4.032127625931e-01  -9.893145519916e+00   9.860456817114e-01  -2.500031660456e-02   1.395117293608e-01   8.729652096196e-02
  2.350000000000e-01   2.540768754153e+02  -1.046081233166e+02   1.160366916634e+02  -1.212832670300e+01   4.060490360143e+01   3.628803036893e+01   7.009848904871e+01   4.194808266706e-01  -9.973937718096e+00   9.537041819277e-01  -5.077575762520e-02   2.375504177035e-01   1.772996342406e-01
  2.400000000000e-01   2.026011484638e+02  -1.544661978717e+02   1.549870296917e+02  -1.212832670300e+01   4.060490360143e+01   3.628803036893e+01   7.158734634021e+01   4.362884364086e-01  -1.005351043553e+01   9.028392878410e-01  -7.556499970435e-02   3.309752535968e-01   2.638591216672e-01
  2.450000000000e-01   1.363778416668e+02  -1.955066406083e+02   1.790993050842e+02  -1.212832670300e+01   4.060490360143e+01   3.628803036893e+01   7.307598714435e+01   4.535702465972e-01  -1.013197097150e+01   8.344389289134e-01  -9.888657185755e-02   4.179716859827e-01   3.452937748575e-01
  2.500000000000e-01   6.053731525368e+01  -2.245420991966e+02   1.865192387124e+02  -1.212832670300e+01   4.060490360143e+01   3.628803036893e+01   7.456444709187e+01   4.712404737637e-01  -1.020943422224e+01   7.498316185083e-01  -1.202875090889e-01   4.968500201822e-01   4.200219231113e-01
  2.550000000000e-01  -1.904366704991e+01  -2.393084093858e+02   1.766881886520e+02  -1.212832670300e+01   4.060490360143e+01   3.628803036893e+01   7.605274855654e+01   4.892277048689e-01  -1.028601671559e+01   6.506606506966e-01  -1.393521501376e-01   5.660782361156e-01   4.865921535316e-01
  2.600000000000e-01  -9.619856662408e+01  -2.386420659506e+02   1.503949289817e+02  -1.212832670300e+01   4.060490360143e+01   3.628803036893e+01   7.754087768505e+01   5.075239395035e-01  -1.036181476510e+01   5.388521832104e-01  -1.557102106896e-01   6.243117440721e-01   5.437115011968e-01
  2.650000000000e-01  -1.649616259484e+02  -2.225762574152e+02   1.097086292612e+02  -1.212832670300e+01   4.060490360143e+01   3.628803036893e+01   7.902878375759e+01   5.262080612629e-01  -1.043685393153e+01   4.165778264582e-01  -1.690439752498e-01   6.704195000944e-01   5.902705618615e-01
  2.700000000000e-01  -2.200287260773e+02  -1.923399769067e+02   5.779885411964e+01  -1.212832670300e+01   4.060490360143e+01   3.628803036893e+01   8.051640828505e+01   5.453994912052e-01  -1.051105197383e+01   2.862124652185e-01  -1.790944679922e-01   7.035059737510e-01   6.253650394332e-01
  2.750000000000e-01  -2.571536936049e+02  -1.502614158700e+02  -1.312909202112e+00  -1.212832670300e+01   4.060490360143e+01   3.628803036893e+01   8.200373082652e+01   5.651915761181e-01  -1.058424454979e+01   1.502881322251e-01  -1.856664827331e-01   7.229285416250e-01   6.483133097158e-01
  2.800000000000e-01  -2.734704805835e+02  -9.958706937018e+01  -6.305605814026e+01  -1.212832670300e+01   4.060490360143e+01   3.628803036893e+01   8.349080781112e+01   5.856255838468e-01  -1.065625120412e+01   1.144482953766e-02  -1.886323743327e-01   7.283099686949e-01   6.586696592887e-01
  2.850000000000e-01  -2.677147518948e+02  -4.423101042680e+01  -1.226584266258e+02  -1.212832670300e+01   4.060490360143e+01   3.628803036893e+01   8.497778335945e+01   6.066973740145e-01  -1.072694532098e+01  -1.276207471254e-01  -1.879345378862e-01   7.195457351847e-01   6.562329423887e-01
  2.900000000000e-01  -2.403224007052e+02   1.152658777801e+01  -1.755120065260e+02  -1.212832670300e+01   4.060490360143e+01   3.628803036893e+01   8.646486392047e+01   6.283689757548e-01  -1.079631034703e+01  -2.642075851861e-01  -1.835865275530e-01   6.968060665808e-01   6.410504876542e-01
  2.950000000000e-01  -1.933963133295e+02   6.336841210740e+01  -2.175257720599e+02  -1.212832670300e+01   4.060490360143e+01   3.628803036893e+01   8.795226073871e+01   6.505667539252e-01  -1.086446892887e+01  -3.956628158458e-01  -1.756727932923e-01   6.605326273853e-01   6.134171788564e-01
  3.000000000000e-01  -1.305450993054e+02   1.072717129012e+02  -2.454350000438e+02  -1.212832670300e+01   4.060490360143e+01   3.628803036893e+01   8.944010966287e+01   6.731595540413e-01  -1.093166885890e+01  -5.194332396416e-01  -1.643470406198e-01   6.114299428231e-01   5.738697274693e-01
  3.050000000000e-01  -5.661214335701e+01   1.398230113430e+02  -2.570401630864e+02  -1.212832670300e+01   4.060490360143e+01   3.628803036893e+01   9.092838203802e+01   6.959320351355e-01  -1.099819673287e+01  -6.331149161617e-01  -1.498292452428e-01   5.504517151163e-01   5.231762483226e-01
  3.100000000000e-01   2.267322830671e+01   1.585032617467e+02  -2.513755137242e+02  -1.212832670300e+01   4.060490360143e+01   3.628803036893e+01   9.241685090481e+01   7.186203162060e-01  -1.106419249817e+01  -7.344998547602e-01  -1.324013805568e-01   4.787823000995e-01   4.623213408049e-01
  3.150000000000e-01   1.011235052091e+02   1.618935927152e+02  -2.288310378433e+02  -1.212832670300e+01   4.060490360143e+01   3.628803036893e+01   9.390523231802e+01   7.410584256322e-01  -1.112951174539e+01  -8.216188994160e-01  -1.124019409883e-01   3.978137039477e-01   3.924869653795e-01
  3.200000000000e-01   1.726078904142e+02   1.497587703094e+02  -1.911508277369e+02  -1.212832670300e+01   4.060490360143e+01   3.628803036893e+01   9.539336607207e+01   7.632755033009e-01  -1.119385435353e+01  -8.927799748026e-01  -9.021936755304e-02   3.091185468014e-01   3.150294868399e-01
  3.250000000000e-01   2.315569241827e+02   1.230569356396e+02  -1.412729033309e+02  -1.212832670300e+01   4.060490360143e+01   3.628803036893e+01   9.688121526459e+01   7.854401119670e-01  -1.125696367905e+01  -9.466009507316e-01  -6.628450332350e-02   2.144195184045e-01   2.314533301861e-01
  3.300000000000e-01   2.733945368654e+02   8.387154461201e+01  -8.308049772524e+01  -1.212832670300e+01   4.060490360143e+01   3.628803036893e+01   9.836879006659e+01   8.077641814912e-01  -1.131869368453e+01  -9.820364866580e-01  -4.106222533969e-02   1.155559190063e-01   1.433817607917e-01
  3.350000000000e-01   2.948842996705e+02   3.525197213229e+01  -2.109354770433e+01  -1.212832670300e+01   4.060490360143e+01   3.628803036893e+01   9.985610267745e+01   8.304370121697e-01  -1.137899511760e+01  -9.983983348577e-01  -1.504241549334e-02   1.444793538992e-02   5.252535638661e-02
  3.400000000000e-01   2.943726065843e+02  -1.902330735811e+01   3.988263940686e+01  -1.212832670300e+01   4.060490360143e+01   3.628803036893e+01   1.013431552816e+02   8.535923253923e-01  -1.143788535752e+01  -9.953687079395e-01   1.126955424590e-02  -8.694065412088e-02  -3.935121678737e-02
  3.450000000000e-01   2.719117773197e+02  -7.474019483983e+01   9.512852091139e+01  -1.212832670300e+01   4.060490360143e+01   3.628803036893e+01   1.028299453461e+02   8.772974788690e-01  -1.149542373357e+01  -9.730064510585e-01   3.736263746043e-02  -1.866406213119e-01  -1.304634783571e-01
  3.500000000000e-01   2.292526549754e+02  -1.275756539414e+02   1.403742449343e+02  -1.212832670300e+01   4.060490360143e+01   3.628803036893e+01   1.043164771889e+02   9.015566789482e-01  -1.155169524146e+01  -9.317458989532e-01   6.273003912629e-02  -2.827155355750e-01  -2.190417930361e-01
  3.550000000000e-01   1.697064773819e+02  -1.734317918753e+02   1.721282193346e+02  -1.212832670300e+01   4.060490360143e+01   3.628803036893e+01   1.058027714699e+02   9.263234556599e-01  -1.160680073355e+01  -8.723884400047e-01   8.687905888051e-02  -3.732993743872e-01  -3.033657415096e-01
  3.600000000000e-01   9.788760252470e+01  -2.087505385270e+02   1.879446963364e+02  -1.212832670300e+01   4.060490360143e+01   3.628803036893e+01   1.072888647005e+02   9.515196170061e-01  -1.166085113717e+01  -7.960869511683e-01   1.093406605329e-01  -4.566327662785e-01  -3.817975354146e-01
  3.650000000000e-01   1.935956706715e+01  -2.307847211108e+02   1.866124177974e+02  -1.212832670300e+01   4.060490360143e+01   3.628803036893e+01   1.087747928292e+02   9.770625967644e-01  -1.171396320928e+01  -7.043234060901e-01   1.296785819574e-01  -5.310971623579e-01  -4.528138274096e-01
  3.700000000000e-01  -5.979184403162e+01  -2.378093397956e+02   1.682552054886e+02  -1.212832670300e+01   4.060490360143e+01   3.628803036893e+01   1.102605643994e+02   1.002908431232e+00  -1.176624834660e+01  -5.988800913190e-01   1.474978084257e-01  -5.952462726969e-01  -5.150352985021e-01
  3.750000000000e-01  -1.334384974761e+02  -2.292603817003e+02   1.343267445961e+02  -1.212832670300e+01   4.060490360143e+01   3.628803036893e+01   1.117461455567e+02   1.029095044780e+00  -1.181777516740e+01  -4.818049896697e-01   1.624522448088e-01  -6.478341569972e-01  -5.672534479698e-01
  3.800000000000e-01  -1.958936304815e+02  -2.057831044607e+02   8.748204207968e+01  -1.212832670300e+01   4.060490360143e+01   3.628803036893e+01   1.132314753091e+02   1.055730816378e+00  -1.186851682818e+01  -3.553720030816e-01   1.742514376334e-01  -6.878394239473e-01  -6.084540655473e-01
  3.850000000000e-01  -2.423417263140e+02  -1.691815446451e+02   3.135822642804e+01  -1.212832670300e+01   4.060490360143e+01   3.628803036893e+01   1.147165068850e+02   1.082928114334e+00  -1.191834340033e+01  -2.220367875488e-01   1.826662164319e-01  -7.144850692560e-01  -6.378369299884e-01
  3.900000000000e-01  -2.691997475208e+02  -1.222774616784e+02  -2.970218880713e+01  -1.212832670300e+01   4.060490360143e+01   3.628803036893e+01   1.162012541304e+02   1.110754484997e+00  -1.196707306082e+01  -8.438905792214e-02   1.875331448191e-01  -7.272535670574e-01  -6.548313514070e-01
  3.950000000000e-01  -2.743918496714e+02  -6.869187607245e+01  -9.097947557452e+01  -1.212832670300e+01   4.060490360143e+01   3.628803036893e+01   1.176858184183e+02   1.139226440645e+00  -1.201454362574e+01   5.489771105354e-02   1.887576948417e-01  -7.258969215725e-01  -6.591072555247e-01
  4.000000000000e-01  -2.575105275287e+02  -1.256584838062e+01  -1.477373021941e+02  -1.212832670300e+01   4.060490360143e+01   3.628803036893e+01   1.191703811849e+02   1.168321574120e+00  -1.206067792839e+01   1.931182105301e-01   1.863160829480e-01  -7.104414838005e-01  -6.505815945409e-01
  4.050000000000e-01  -2.198487023922e+02   4.175812170540e+01  -1.955858358848e+02  -1.212832670300e+01   4.060490360143e+01   3.628803036893e+01   1.206551607740e+02   1.197985034144e+00  -1.210552856907e+01   3.275878416419e-01   1.802557319191e-01  -6.811874396857e-01  -6.294199601103e-01
  4.100000000000e-01  -1.643003421304e+02   9.006963993119e+01  -2.308163178085e+02  -1.212832670300e+01   4.060490360143e+01   3.628803036893e+01   1.221403413628e+02   1.228117553951e+00  -1.214928756141e+01   4.556948573455e-01   1.706943497884e-01  -6.387029797041e-01  -5.960333671004e-01
  4.150000000000e-01  -9.514021720448e+01   1.286156121211e+02  -2.506774571674e+02  -1.212832670300e+01   4.060490360143e+01   3.628803036893e+01   1.236259849578e+02   1.258547000317e+00  -1.219223945980e+01   5.749510892828e-01   1.578176436408e-01  -5.838132631099e-01  -5.510702705960e-01
  4.200000000000e-01  -1.770982552023e+01   1.544022124530e+02  -2.535759915921e+02  -1.212832670300e+01   4.060490360143e+01   3.628803036893e+01   1.251119574329e+02   1.289021890046e+00  -1.223462211780e+01   6.830402744222e-01   1.418757126946e-01  -5.175843911855e-01  -4.954039712034e-01
  4.250000000000e-01   6.196748544685e+01   1.654485634215e+02  -2.392223313161e+02  -1.212832670300e+01   4.060490360143e+01   3.628803036893e+01   1.265979771591e+02   1.319307494001e+00  -1.227643309087e+01   7.778630428497e-01   1.231781907222e-01  -4.413027007784e-01  -4.301156532746e-01
  4.300000000000e-01   1.376638364863e+02   1.609290189574e+02  -2.087033514891e+02  -1.212832670300e+01   4.060490360143e+01   3.628803036893e+01   1.280838099710e+02   1.349334162495e+00  -1.231742265974e+01   8.575776929308e-01   1.020882321570e-01  -3.564497802950e-01  -3.564733854946e-01
  4.350000000000e-01   2.034705213142e+02   1.412157039027e+02  -1.643950405200e+02  -1.212832670300e+01   4.060490360143e+01   3.628803036893e+01   1.295693629337e+02   1.379213299652e+00  -1.235729700172e+01   9.206359618853e-01   7.901545869095e-02  -2.646736934090e-01  -2.759074916946e-01
  4.400000000000e-01   2.542696331199e+02   1.078519444855e+02  -1.097510237991e+02  -1.212832670300e+01   4.060490360143e+01   3.628803036893e+01   1.310546271388e+02   1.409146326970e+00  -1.239585455685e+01   9.658130970178e-01   5.440800335913e-02  -1.677569693926e-01  -1.899827702531e-01
  4.450000000000e-01   2.861247458678e+02   6.343688910809e+01  -4.902082899425e+01  -1.212832670300e+01   4.060490360143e+01   3.628803036893e+01   1.325396143859e+02   1.439339720714e+00  -1.243300194318e+01   9.922316435441e-01   2.874380663514e-02  -6.758198178206e-02  -1.003681016581e-01
  4.500000000000e-01   2.965770683965e+02   1.142436676564e+01   1.308325425237e+01  -1.212832670300e+01   4.060490360143e+01   3.628803036893e+01   1.340243307997e+02   1.469956531366e+00  -1.246872692173e+01   9.993784869939e-01   2.521333590116e-03   3.390561218700e-02  -8.804034528170e-03
  4.550000000000e-01   2.848295208359e+02  -4.414547827670e+01   7.175081705410e+01  -1.212832670300e+01   4.060490360143e+01   3.628803036893e+01   1.355087749947e+02   1.501096287915e+00  -1.250306990008e+01   9.871148191806e-01  -2.375010758810e-02   1.347346612728e-01   8.293102034299e-02
  4.600000000000e-01   2.518044402085e+02  -9.895969713303e+01   1.224444264177e+02  -1.212832670300e+01   4.060490360143e+01   3.628803036893e+01   1.369929475236e+02   1.532792505272e+00  -1.253610373727e+01   9.556788341771e-01  -4.956025767605e-02   2.329468050766e-01   1.730553313196e-01
  4.650000000000e-01   2.000692313848e+02  -1.487664559960e+02   1.612492203807e+02  -1.212832670300e+01   4.060490360143e+01   3.628803036893e+01   1.384768623250e+02   1.565021442204e+00  -1.256792125824e+01   9.056811019333e-01  -7.440781696630e-02   3.266345104567e-01   2.598184517530e-01
  4.700000000000e-01   1.336355275544e+02  -1.897027602592e+02   1.851735332019e+02  -1.212832670300e+01   4.060490360143e+01   3.628803036893e+01   1.399605521105e+02   1.597718281433e+00  -1.259862799150e+01   8.380927093930e-01  -9.781018180118e-02   4.139781207419e-01   3.415352181717e-01
  4.750000000000e-01   5.764946656550e+01  -2.185897204579e+02   1.923779591846e+02  -1.212832670300e+01   4.060490360143e+01   3.628803036893e+01   1.414440598528e+02   1.630799557474e+00  -1.262833786129e+01   7.542263994418e-01  -1.193128179800e-01   4.932811981532e-01   4.166184805004e-01
  4.800000000000e-01  -2.200171100361e+01  -2.331746789824e+02   1.823202983950e+02  -1.212832670300e+01   4.060490360143e+01   3.628803036893e+01   1.429274142083e+02   1.664197407742e+00  -1.265716756655e+01   6.557110740156e-01  -1.384980889838e-01   5.630034729933e-01   4.836099286022e-01
  4.850000000000e-01  -9.914658903083e+01  -2.323077438223e+02   1.558060428401e+02  -1.212832670300e+01   4.060490360143e+01   3.628803036893e+01   1.444106040887e+02   1.697907134320e+00  -1.268521422279e+01   5.444601565875e-01  -1.549933675512e-01   6.217907596448e-01   5.412084164139e-01
  4.900000000000e-01  -1.678200128095e+02  -2.160372612581e+02   1.149207011176e+02  -1.212832670300e+01   4.060490360143e+01   3.628803036893e+01   1.458935776413e+02   1.732008740465e+00  -1.271250431448e+01   4.226344285141e-01  -1.684782730574e-01   6.685012583321e-01   5.882952335456e-01
  4.950000000000e-01  -2.227244523567e+02  -1.856079955786e+02   6.284928364708e+01  -1.212832670300e+01   4.060490360143e+01   3.628803036893e+01   1.473762734906e+02   1.766621159419e+00  -1.273895638890e+01   2.926000610578e-01  -1.786908941276e-01   7.022277318000e-01   6.239558335064e-01
  5.000000000000e-01  -2.596263936302e+02  -1.433631504070e+02   3.626027694462e+00  -1.212832670300e+01   4.060490360143e+01   3.628803036893e+01   1.488586690261e+02   1.801837163159e+00  -1.276440591545e+01   1.568826582106e-01  -1.854328756262e-01   7.223151261791e-01   6.474975965379e-01
  5.050000000000e-01  -2.756772149795e+02  -9.256216009636e+01  -5.816989925954e+01  -1.212832670300e+01   4.060490360143e+01   3.628803036893e+01   1.503408202586e+02   1.837697420791e+00  -1.278867151221e+01   1.811820292702e-02  -1.885732712193e-01   7.283732937979e-01   6.584632820552e-01
  5.100000000000e-01  -2.696331584172e+02  -3.712894843860e+01  -1.177625034671e+02  -1.212832670300e+01   4.060490360143e+01   3.628803036893e+01   1.518228723997e+02   1.874196995472e+00  -1.281162611070e+01  -1.209981404815e-01  -1.880510866836e-01   7.202845708306e-01   6.566399094161e-01
  5.150000000000e-01  -2.419521963168e+02   1.865027418840e+01  -1.705447861206e+02  -1.212832670300e+01   4.060490360143e+01   3.628803036893e+01   1.533050334886e+02   1.911296958564e+00  -1.283325419330e+01  -2.577643734026e-01  -1.838764645646e-01   6.982060626049e-01   6.420628945296e-01
  5.200000000000e-01  -1.947590651062e+02   7.045646388894e+01  -2.124312841123e+02  -1.212832670300e+01   4.060490360143e+01   3.628803036893e+01   1.547875151925e+02   1.948922485281e+00  -1.285368104638e+01  -3.895241427131e-01  -1.761304871752e-01   6.625665921827e-01   6.150153619625e-01
  5.250000000000e-01  -1.316823682695e+02   1.142698856109e+02  -2.401667120701e+02  -1.212832670300e+01   4.060490360143e+01   3.628803036893e+01   1.562704507735e+02   1.986940923556e+00  -1.287315679342e+01  -5.137183340104e-01  -1.649636017599e-01   6.140583714811e-01   5.760226459041e-01
  5.300000000000e-01  -5.758250799691e+01   1.466851308816e+02  -2.515645208241e+02  -1.212832670300e+01   4.060490360143e+01   3.628803036893e+01   1.577538071368e+02   2.025136331666e+00  -1.289196563283e+01  -6.279347762116e-01  -1.505926984146e-01   5.536235567034e-01   5.258420867948e-01
  5.350000000000e-01   2.179845019504e+01   1.651941372423e+02  -2.456757641225e+02  -1.212832670300e+01   4.060490360143e+01   3.628803036893e+01   1.592373579879e+02   2.063246829733e+00  -1.291024149725e+01  -7.299550921291e-01  -1.332968975136e-01   4.824359492072e-01   4.654483217961e-01
  5.400000000000e-01   1.002658285992e+02   1.683893147288e+02  -2.229074896228e+02  -1.212832670300e+01   4.060490360143e+01   3.628803036893e+01   1.607208227118e+02   2.101107650645e+00  -1.292784014777e+01  -8.177977850637e-01  -1.134121284652e-01   4.018781972278e-01   3.960143547981e-01
  5.450000000000e-01   1.716863974354e+02   1.560495471799e+02  -1.850198189600e+02  -1.212832670300e+01   4.060490360143e+01   3.628803036893e+01   1.622040369273e+02   2.138747612162e+00  -1.294446547291e+01  -8.897567245618e-01  -9.132460508928e-02   3.135149412582e-01   3.188887736352e-01
  5.500000000000e-01   2.304945128107e+02   1.291492028014e+02  -1.349671471733e+02  -1.212832670300e+01   4.060490360143e+01   3.628803036893e+01   1.636869556693e+02   2.176336280028e+00  -1.295986339070e+01  -9.444342838464e-01  -6.746332434278e-02   2.190624246726e-01   2.355695570103e-01
  5.550000000000e-01   2.721250082836e+02   8.978758145077e+01  -7.664711104420e+01  -1.212832670300e+01   4.060490360143e+01   3.628803036893e+01   1.651695826342e+02   2.214086286701e+00  -1.297388956703e+01  -9.807684853060e-01  -4.229173408670e-02   1.203551598333e-01   1.476749798658e-01
  5.600000000000e-01   2.933580290994e+02   4.102797645296e+01  -1.458998683599e+01  -1.212832670300e+01   4.060490360143e+01   3.628803036893e+01   1.666519263283e+02   2.252185821400e+00  -1.298649556039e+01  -9.980536268074e-01  -1.629873172853e-02   1.931029711177e-02   5.691218229346e-02
  5.650000000000e-01   2.925603848572e+02  -1.334020196929e+01   4.639344950229e+01  -1.212832670300e+01   4.060490360143e+01   3.628803036893e+01   1.681339878450e+02   2.290766154330e+00  -1.299769835220e+01  -9.959539882171e-01   1.001083143025e-02  -8.210961112953e-02  -3.495598754290e-02
  5.700000000000e-01   2.698069295355e+02  -6.909569588579e+01   1.015833022470e+02  -1.212832670300e+01   4.060490360143e+01   3.628803036893e+01   1.696157658702e+02   2.329891959025e+00  -1.300755585669e+01  -9.745103519150e-01   3.612595571158e-02  -1.819347283761e-01  -1.261452124759e-01
  5.750000000000e-01   2.268714196092e+02  -1.219126309204e+02   1.467144339302e+02  -1.212832670300e+01   4.060490360143e+01   3.628803036893e+01   1.710972680684e+02   2.369565532425e+00  -1.301615109114e+01  -9.341392106573e-01   6.153941799456e-02  -2.782261932731e-01  -2.148843623832e-01
  5.800000000000e-01   1.670865611188e+02  -1.676948566927e+02   1.783046450858e+02  -1.212832670300e+01   4.060490360143e+01   3.628803036893e+01   1.725785204628e+02   2.409740024959e+00  -1.302358286152e+01  -8.756246781730e-01   8.575762329767e-02  -3.691137773157e-01  -2.994498941061e-01
  5.850000000000e-01   9.508489755328e+01  -2.028904722915e+02   1.939213636332e+02  -1.212832670300e+01   4.060490360143e+01   3.628803036893e+01   1.740595665729e+02   2.450338723085e+00  -1.302996050849e+01  -8.001032596139e-01   1.083101916664e-01  -4.528322095085e-01  -3.781993271026e-01
  5.900000000000e-01   1.644340000963e+01  -2.247621102097e+02   1.923688685194e+02  -1.212832670300e+01   4.060490360143e+01   3.628803036893e+01   1.755404495740e+02   2.491282100172e+00  -1.303540021538e+01  -7.090417776535e-01   1.287590941639e-01  -5.277554624752e-01  -4.496031446526e-01
  5.950000000000e-01  -6.274413185354e+01  -2.315971064548e+02   1.737874583695e+02  -1.212832670300e+01   4.060490360143e+01   3.628803036893e+01   1.770211828412e+02   2.532529838608e+00  -1.304001383122e+01  -6.042088829705e-01   1.467071605208e-01  -5.924283340945e-01  -5.122745010094e-01
  6.000000000000e-01  -1.363469950159e+02  -2.228456629371e+02   1.396472551027e+02  -1.212832670300e+01   4.060490360143e+01   3.628803036893e+01   1.785017332849e+02   2.574122217673e+00  -1.304387074564e+01  -4.876407024546e-01   1.618057932032e-01  -6.455947112650e-01  -5.649961575110e-01
  6.050000000000e-01  -1.986814491887e+02  -1.991684915765e+02   9.261927360919e+01  -1.212832670300e+01   4.060490360143e+01   3.628803036893e+01   1.799820377041e+02   2.616167756566e+00  -1.304694495891e+01  -3.616012923385e-01   1.737617380716e-01  -6.862219668444e-01  -6.067441244798e-01
  6.100000000000e-01  -2.449411719825e+02  -1.623851252859e+02   3.635505264949e+01  -1.212832670300e+01   4.060490360143e+01   3.628803036893e+01   1.814620467179e+02   2.658778217022e+00  -1.304910689062e+01  -2.285386643567e-01   1.823427801278e-01  -7.135210159122e-01  -6.367075497269e-01
  6.150000000000e-01  -2.715578559991e+02  -1.153314715977e+02  -2.479193347103e+01  -1.212832670300e+01   4.060490360143e+01   3.628803036893e+01   1.829417729169e+02   2.702020579244e+00  -1.305017411887e+01  -9.103723901829e-02   1.873822537238e-01  -7.269616418110e-01  -6.543044673730e-01
  6.200000000000e-01  -2.764744212606e+02  -6.164017910003e+01  -8.609543238811e+01  -1.212832670300e+01   4.060490360143e+01   3.628803036893e+01   1.844213180826e+02   2.745910657205e+00  -1.304998373400e+01   4.823235052605e-02   1.887822796323e-01  -7.262827942970e-01  -6.591931011049e-01
  6.250000000000e-01  -2.593045691244e+02  -5.460539123593e+00  -1.428173498805e+02  -1.212832670300e+01   4.060490360143e+01   3.628803036893e+01   1.859008650829e+02   2.790425173874e+00  -1.304845887549e+01   1.865651290839e-01   1.865156661064e-01  -7.114976597821e-01  -6.512785023300e-01
  6.300000000000e-01  -2.213631962645e+02   4.886073433780e+01  -1.905708018167e+02  -1.212832670300e+01   4.060490360143e+01   3.628803036893e+01   1.873806333954e+02   2.835508245754e+00  -1.304565409860e+01   3.212743170268e-01   1.806264370073e-01  -6.828934051915e-01  -6.307143942975e-01
  6.350000000000e-01  -1.655653095580e+02   9.711351024530e+01  -2.256542295148e+02  -1.212832670300e+01   4.060490360143e+01   3.628803036893e+01   1.888608061826e+02   2.881059267106e+00  -1.304176427142e+01   4.497435144861e-01   1.712289767390e-01  -6.410256004131e-01  -5.979001863705e-01
  6.400000000000e-01  -9.620437696713e+01   1.355499065978e+02  -2.453271719507e+02  -1.212832670300e+01   4.060490360143e+01   3.628803036893e+01   1.903414414258e+02   2.926904798144e+00  -1.303707436712e+01   5.694775185863e-01   1.585058086013e-01  -5.867074276680e-01  -5.534732164405e-01
  6.450000000000e-01  -1.863720931133e+01   1.611857052972e+02  -2.480110478445e+02  -1.212832670300e+01   4.060490360143e+01   3.628803036893e+01   1.918224024312e+02   2.972793993601e+00  -1.303181716938e+01   6.781507867151e-01   1.427040497090e-01  -5.209938873864e-01  -4.982963721551e-01
  6.500000000000e-01   6.110259199990e+01   1.720507586157e+02  -2.334334684951e+02  -1.212832670300e+01   4.060490360143e+01   3.628803036893e+01   1.933034108040e+02   3.018494086671e+00  -1.302598668369e+01   7.736526045480e-01   1.241306113327e-01  -4.451613073501e-01  -4.334413313891e-01
  6.550000000000e-01   1.367818988726e+02   1.673316599728e+02  -2.026974144396e+02  -1.212832670300e+01   4.060490360143e+01   3.628803036893e+01   1.947842321848e+02   3.063935451561e+00  -1.301933621179e+01   8.541280815482e-01   1.031462378836e-01  -3.606825530895e-01  -3.601677474722e-01
  6.600000000000e-01   2.024919176487e+02   1.474158507908e+02  -1.581951947308e+02  -1.212832670300e+01   4.060490360143e+01   3.628803036893e+01   1.962647665794e+02   3.109229944149e+00  -1.301157530924e+01   9.180141777037e-01   8.015850032000e-02  -2.691984210118e-01  -2.798987834493e-01
  6.650000000000e-01   2.531216894114e+02   1.138628317793e+02  -1.033962611695e+02  -1.212832670300e+01   4.060490360143e+01   3.628803036893e+01   1.977449975097e+02   3.154580256797e+00  -1.300250464020e+01   9.640700617708e-01   5.561388006226e-02  -1.724857698814e-01  -1.941934705637e-01
  6.700000000000e-01   2.847482848673e+02   6.928678831826e+01  -4.256283753818e+01  -1.212832670300e+01   4.060490360143e+01   3.628803036893e+01   1.992249316983e+02   3.200192705668e+00  -1.299203230592e+01   9.914012113871e-01   2.998909716690e-02  -7.242300962111e-02  -1.047164278305e-01
  6.750000000000e-01   2.949311958157e+02   1.715419302345e+01   1.958458397640e+01  -1.212832670300e+01   4.060490360143e+01   3.628803036893e+01   2.007045729130e+02   3.246228401302e+00  -1.298014636681e+01   9.994767869702e-01   3.781851189106e-03   2.904638226893e-02  -1.320553082694e-02
  6.800000000000e-01   2.828946764655e+02  -3.848548657625e+01   7.823235225442e+01  -1.212832670300e+01   4.060490360143e+01   3.628803036893e+01   2.021839198338e+02   3.292784133372e+00  -1.296688629932e+01   9.881399419563e-01  -2.249884542976e-02   1.299516080687e-01   7.856184234567e-02
  6.850000000000e-01   2.495837678132e+02  -9.331398310223e+01   1.288448702475e+02  -1.212832670300e+01   4.060490360143e+01   3.628803036893e+01   2.036629752634e+02   3.339890985379e+00  -1.295232318286e+01   9.576108691265e-01  -4.834255369919e-02   2.283328278214e-01   1.688033323381e-01
  6.900000000000e-01   1.975881901506e+02  -1.430785796766e+02   1.675140212599e+02  -1.212832670300e+01   4.060490360143e+01   3.628803036893e+01   2.051417574627e+02   3.387523993889e+00  -1.293654770335e+01   9.084825238567e-01  -7.324732212274e-02   3.222792244844e-01   2.557662165738e-01
  6.950000000000e-01   1.309396535882e+02  -1.839199459246e+02   1.912592099071e+02  -1.212832670300e+01   4.060490360143e+01   3.628803036893e+01   2.066203054004e+02   3.435618907404e+00  -1.291966338294e+01   8.417091073550e-01  -9.672943589125e-02   4.099661169247e-01   3.377614516442e-01
  7.000000000000e-01   5.480039396693e+01  -2.126669811077e+02   1.982552520298e+02  -1.212832670300e+01   4.060490360143e+01   3.628803036893e+01   2.080986694881e+02   3.484094613500e+00  -1.290178283670e+01   7.585875335736e-01  -1.183328118715e-01   4.896903999289e-01   4.131964788857e-01
  7.050000000000e-01  -2.493132237121e+01  -2.270778953483e+02   1.879758196016e+02  -1.212832670300e+01   4.060490360143e+01   3.628803036893e+01   2.095768848373e+02   3.532886738262e+00  -1.288302259695e+01   6.607322397562e-01  -1.376378569154e-01   5.599036228915e-01   4.806061559711e-01
  7.100000000000e-01  -1.020784252596e+02  -2.260158374268e+02   1.612427466576e+02  -1.212832670300e+01   4.060490360143e+01   3.628803036893e+01   2.110549432811e+02   3.581993814845e+00  -1.286348034828e+01   5.500438298667e-01  -1.542696174386e-01   6.192420647080e-01   5.386812137438e-01
  7.150000000000e-01  -1.706754665063e+02  -2.095438842585e+02   1.201577289550e+02  -1.212832670300e+01   4.060490360143e+01   3.628803036893e+01   2.125327920751e+02   3.631497060473e+00  -1.284318329867e+01   4.286721599228e-01  -1.679050619824e-01   6.665532207404e-01   5.862936855887e-01
  7.200000000000e-01  -2.254304991605e+02  -1.789223174295e+02   6.792121615807e+01  -1.212832670300e+01   4.060490360143e+01   3.628803036893e+01   2.140103672877e+02   3.681515012951e+00  -1.282205063599e+01   2.989745822168e-01  -1.782793553140e-01   7.009181874117e-01   6.225188154383e-01
  7.250000000000e-01  -2.621216032392e+02  -1.365092887908e+02   8.580428710610e+00  -1.212832670300e+01   4.060490360143e+01   3.628803036893e+01   2.154876443691e+02   3.732139850271e+00  -1.279991771076e+01   1.634701594261e-01  -1.851910022037e-01   7.216695096623e-01   6.466530189021e-01
  7.300000000000e-01  -2.779166119241e+02  -8.557731046209e+01  -5.327642093117e+01  -1.212832670300e+01   4.060490360143e+01   3.628803036893e+01   2.169646789643e+02   3.783411619327e+00  -1.277660243900e+01   2.479073789531e-02  -1.885057609771e-01   7.284041446245e-01   6.582275486697e-01
  7.350000000000e-01  -2.715915529702e+02  -3.006048637150e+01  -1.128688566048e+02  -1.212832670300e+01   4.060490360143e+01   3.628803036893e+01   2.184416172788e+02   3.835324598235e+00  -1.275197753373e+01  -1.143701696261e-01  -1.881592508270e-01   7.209912897290e-01   6.570175987697e-01
  7.400000000000e-01  -2.436259154862e+02   2.574844855385e+01  -1.655901233071e+02  -1.212832670300e+01   4.060490360143e+01   3.628803036893e+01   2.199186687372e+02   3.887838932161e+00  -1.272602866411e+01  -2.513096989626e-01  -1.841582022489e-01   6.995749232004e-01   6.430466708573e-01
  7.450000000000e-01  -1.961659932466e+02   7.752812550036e+01  -2.073595122214e+02  -1.212832670300e+01   4.060490360143e+01   3.628803036893e+01   2.213960451831e+02   3.940878653224e+00  -1.269888374217e+01  -3.833681311138e-01  -1.765803263093e-01   6.645710076006e-01   6.165861177262e-01
  7.500000000000e-01  -1.328603899964e+02   1.212611641345e+02  -2.349304282716e+02  -1.212832670300e+01   4.060490360143e+01   3.628803036893e+01   2.228738772107e+02   3.994309687574e+00  -1.267079501366e+01  -5.079805508609e-01  -1.655728052893e-01   6.166594107340e-01   5.781498729113e-01
  7.550000000000e-01  -5.858679209003e+01   1.535494246407e+02  -2.461286855076e+02  -1.212832670300e+01   4.060490360143e+01   3.628803036893e+01   2.243521276101e+02   4.047915480365e+00  -1.264204427876e+01  -6.227266640325e-01  -1.513494340175e-01   5.567707008325e-01   5.284844687480e-01
  7.600000000000e-01   2.089952463087e+01   1.718949882688e+02  -2.400214166859e+02  -1.212832670300e+01   4.060490360143e+01   3.628803036893e+01   2.258305707186e+02   4.101435725351e+00  -1.261276000590e+01  -7.253778058520e-01  -1.341864674158e-01   4.860680724921e-01   4.685545367629e-01
  7.650000000000e-01   9.939590322238e+01   1.749010999650e+02  -2.170321850359e+02  -1.212832670300e+01   4.060490360143e+01   3.628803036893e+01   2.273089285721e+02   4.154706579064e+00  -1.258279810664e+01  -8.139402273417e-01  -1.144172549088e-01   4.059247544069e-01   3.995240720164e-01
  7.700000000000e-01   1.707657130748e+02   1.623603370052e+02  -1.789370415626e+02  -1.212832670300e+01   4.060490360143e+01   3.628803036893e+01   2.287870324705e+02   4.207756818338e+00  -1.255186620764e+01  -8.866938190525e-01  -9.242576591177e-02   3.178973377010e-01   3.227338252937e-01
  7.750000000000e-01   2.294461328148e+02   1.352629566622e+02  -1.287068252978e+02  -1.212832670300e+01   4.060490360143e+01   3.628803036893e+01   2.302648295054e+02   4.260757296676e+00  -1.251971302286e+01  -9.422255200019e-01  -6.863913214812e-02   2.236955428909e-01   2.396752622440e-01
  7.800000000000e-01   2.708819254990e+02   9.572398847797e+01  -7.025380187515e+01  -1.212832670300e+01   4.060490360143e+01   3.628803036893e+01   2.317423169645e+02   4.313921436944e+00  -1.248619629792e+01  -9.794567629358e-01  -4.351935164385e-02   1.251490126833e-01   1.519615952518e-01
  7.850000000000e-01   2.918688885330e+02   4.682073744292e+01  -8.118979996016e+00  -1.212832670300e+01   4.060490360143e+01   3.628803036893e+01   2.332194996787e+02   4.367436278806e+00  -1.245126865227e+01  -9.976644228553e-01  -1.755431552963e-02   2.417177557743e-02   6.129645067478e-02
  7.900000000000e-01   2.907934381029e+02  -7.646167305579e+00   5.288083641855e+01  -1.212832670300e+01   4.060490360143e+01   3.628803036893e+01   2.346963776186e+02   4.421430571923e+00  -1.241494677221e+01  -9.964948619345e-01   8.751668067285e-03  -7.727492951885e-02  -3.055921998798e-02
  7.950000000000e-01   2.677523416649e+02  -6.344785520952e+01   1.080247081352e+02  -1.212832670300e+01   4.060490360143e+01   3.628803036893e+01   2.361729506086e+02   4.475966248647e+00  -1.237728715624e+01  -9.759707980431e-01   3.488766899069e-02  -1.772207456173e-01  -1.218213423267e-01
  8.000000000000e-01   2.245418953752e+02  -1.162550226113e+02   1.530514518073e+02  -1.212832670300e+01   4.060490360143e+01   3.628803036893e+01   2.376492295532e+02   4.531043668792e+00  -1.233837075961e+01  -9.364908634675e-01   6.034605863888e-02  -2.737244670702e-01  -2.107173703544e-01
  8.050000000000e-01   1.645161767263e+02  -1.619725857212e+02   1.844875033340e+02  -1.212832670300e+01   4.060490360143e+01   3.628803036893e+01   2.391252457549e+02   4.586615621529e+00  -1.229829416142e+01  -8.788218624052e-01   8.463236942248e-02  -3.649117427930e-01  -2.955207139258e-01
  8.100000000000e-01   9.232608146951e+01  -1.970541234222e+02   1.999127679269e+02  -1.212832670300e+01   4.060490360143e+01   3.628803036893e+01   2.406010497598e+02   4.642606925458e+00  -1.225716481682e+01  -8.040838776091e-01   1.072748986003e-01  -4.490114809952e-01  -3.745842735705e-01
  8.150000000000e-01   1.356241167395e+01  -2.187714130128e+02   1.981464271440e+02  -1.212832670300e+01   4.060490360143e+01   3.628803036893e+01   2.420766921202e+02   4.698941092178e+00  -1.221509796777e+01  -7.137285154528e-01   1.278338699621e-01  -5.243902483449e-01  -4.463724314100e-01
  8.200000000000e-01  -6.567237869397e+01  -2.254234986118e+02   1.793447388983e+02  -1.212832670300e+01   4.060490360143e+01   3.628803036893e+01   2.435521912149e+02   4.755581357943e+00  -1.217220561838e+01  -6.095107119529e-01   1.459099754150e-01  -5.895839954480e-01  -5.094908768097e-01
  8.250000000000e-01  -1.392441873695e+02  -2.164742696375e+02   1.449939782953e+02  -1.212832670300e+01   4.060490360143e+01   3.628803036893e+01   2.450275149046e+02   4.812570361829e+00  -1.212855772644e+01  -4.934546473496e-01   1.611521305733e-01  -6.433264924494e-01  -5.627136874777e-01
  8.300000000000e-01  -2.014713587182e+02  -1.925995257887e+02   9.778105541222e+01  -1.212832670300e+01   4.060490360143e+01   3.628803036893e+01   2.465025980789e+02   4.870016882304e+00  -1.208412894938e+01  -3.678144312730e-01   1.732642937189e-01  -6.845739224667e-01  -6.050071400230e-01
  8.350000000000e-01  -2.475557109227e+02  -1.556341070221e+02   4.137199245947e+01  -1.212832670300e+01   4.060490360143e+01   3.628803036893e+01   2.479773890430e+02   4.928032103113e+00  -1.203879001536e+01  -2.350303220899e-01   1.820112156901e-01  -7.125251551861e-01  -6.355497875138e-01
  8.400000000000e-01  -2.739426219345e+02  -1.084280774304e+02  -1.986843895055e+01  -1.212832670300e+01   4.060490360143e+01   3.628803036893e+01   2.494518992693e+02   4.986682408203e+00  -1.199235807291e+01  -9.768133076763e-02   1.872230090217e-01  -7.266373068565e-01  -6.537484140759e-01
  8.450000000000e-01  -2.785928655054e+02  -5.462592327329e+01  -8.120690878559e+01  -1.212832670300e+01   4.060490360143e+01   3.628803036893e+01   2.509262309143e+02   5.045982908993e+00  -1.194466973027e+01   4.156487019238e-02   1.887984475914e-01  -7.266362844678e-01  -6.592495566532e-01
  8.500000000000e-01  -2.611406368317e+02   1.614443205728e+00  -1.379028580429e+02  -1.212832670300e+01   4.060490360143e+01   3.628803036893e+01   2.524005681155e+02   5.105909482314e+00  -1.189564863184e+01   1.800037598512e-01   1.867069326853e-01  -7.125221093172e-01  -6.519463701487e-01
  8.550000000000e-01  -2.229223401109e+02   5.594156370229e+01  -1.855715623640e+02  -1.212832670300e+01   4.060490360143e+01   3.628803036893e+01   2.538751312427e+02   5.166405250788e+00  -1.184535135966e+01   3.149464976158e-01   1.809890872974e-01  -6.845689165676e-01  -6.319807026067e-01
  8.600000000000e-01  -1.668738382856e+02   1.041449516745e+02  -2.205178702579e+02  -1.212832670300e+01   4.060490360143e+01   3.628803036893e+01   2.553501022475e+02   5.227368330110e+00  -1.179397551057e+01   4.437721474638e-01   1.717559671178e-01  -6.433196308067e-01  -5.997403401325e-01
  8.650000000000e-01  -9.730740597382e+01   1.424812227868e+02  -2.400114659573e+02  -1.212832670300e+01   4.060490360143e+01   3.628803036893e+01   2.568255352209e+02   5.288624038330e+00  -1.174180629608e+01   5.639785832815e-01   1.591869035382e-01  -5.895754210228e-01  -5.558514750594e-01
  8.700000000000e-01  -1.959548733704e+01   1.679748887761e+02  -2.424877925312e+02  -1.212832670300e+01   4.060490360143e+01   3.628803036893e+01   2.583012911943e+02   5.349921958688e+00  -1.168907177530e+01   6.732310866011e-01   1.435260205662e-01  -5.243801398079e-01  -5.011665436532e-01
  8.750000000000e-01   6.021745897279e+01   1.786658792522e+02  -2.276909208571e+02  -1.212832670300e+01   4.060490360143e+01   3.628803036893e+01   2.597770945366e+02   5.411030816142e+00  -1.163576278431e+01   7.694076928442e-01   1.250774932994e-01  -4.490000490205e-01  -4.367476695752e-01
  8.800000000000e-01   1.358921564653e+02   1.737526064508e+02  -1.967396157117e+02  -1.212832670300e+01   4.060490360143e+01   3.628803036893e+01   2.612527102250e+02   5.471881044902e+00  -1.158163534598e+01   8.506404053310e-01   1.041996400545e-01  -3.648992256879e-01  -3.638460346774e-01
  8.850000000000e-01   2.015187483585e+02   1.536373921992e+02  -1.520424713440e+02  -1.212832670300e+01   4.060490360143e+01   3.628803036893e+01   2.627280312642e+02   5.532585290777e+00  -1.152640238637e+01   9.153514765730e-01   8.129796289429e-02  -2.737111258308e-01  -2.838775778013e-01
  8.900000000000e-01   2.519922401427e+02   1.198956575535e+02  -9.708488171599e+01  -1.212832670300e+01   4.060490360143e+01   3.628803036893e+01   2.642030337100e+02   5.593347704723e+00  -1.146986715274e+01   9.622840521733e-01   5.681727172597e-02  -1.772068585117e-01  -1.983954935724e-01
  8.950000000000e-01   2.834022379442e+02   7.515658768824e+01  -3.614204416953e+01  -1.212832670300e+01   4.060490360143e+01   3.628803036893e+01   2.656777192603e+02   5.654374450494e+00  -1.141193955531e+01   9.905265821509e-01   3.123304494034e-02  -7.726078631081e-02  -1.090600653371e-01
  9.000000000000e-01   2.933256201613e+02   2.289946070846e+01   2.605689355595e+01  -1.212832670300e+01   4.060490360143e+01   3.628803036893e+01   2.671520893267e+02   5.715824633664e+00  -1.135260812253e+01   9.995305255605e-01   5.042194390601e-03   2.418587964581e-02  -1.760641816165e-02
  9.050000000000e-01   2.810072206204e+02  -3.281658545953e+01   8.469442409753e+01  -1.212832670300e+01   4.060490360143e+01   3.628803036893e+01   2.686261425986e+02   5.777792238584e+00  -1.129191144403e+01   9.891210045361e-01  -2.124658592097e-02   1.251627830249e-01   7.418918178346e-02
  9.100000000000e-01   2.474142441817e+02  -8.766745580579e+01   1.352360607153e+02  -1.212832670300e+01   4.060490360143e+01   3.628803036893e+01   2.700998840277e+02   5.840305874107e+00  -1.122991877722e+01   9.595002008329e-01  -4.712269999516e-02   2.237086916963e-01   1.645438269035e-01
  9.150000000000e-01   1.951584498967e+02  -1.373989197747e+02   1.737796637584e+02  -1.212832670300e+01   4.060490360143e+01   3.628803036893e+01   2.715733360844e+02   5.903339349884e+00  -1.116671854084e+01   9.112434288973e-01  -7.208356692867e-02   3.179095899239e-01   2.517025968485e-01
  9.200000000000e-01   1.282916249994e+02  -1.781546230788e+02   1.973549688288e+02  -1.212832670300e+01   4.060490360143e+01   3.628803036893e+01   2.730465439396e+02   5.966829026019e+00  -1.110241200878e+01   8.452879617365e-01  -9.564438233203e-02   4.059358534880e-01   3.339726435952e-01
  9.250000000000e-01   5.199234994723e+01  -2.067705756555e+02   2.041503339651e+02  -1.212832670300e+01   4.060490360143e+01   3.628803036893e+01   2.745195655276e+02   6.030696190074e+00  -1.103711012969e+01   7.629148266201e-01  -1.173475344807e-01   4.860777857032e-01   4.097560709197e-01
  9.300000000000e-01  -2.782960104984e+01  -2.210151999672e+02   1.936546886519e+02  -1.212832670300e+01   4.060490360143e+01   3.628803036893e+01   2.759924425965e+02   6.094879903532e+00  -1.097092890866e+01   6.657239241878e-01  -1.367714923138e-01   5.567788241300e-01   4.775809696582e-01
  9.350000000000e-01  -1.049907792417e+02  -2.197640792455e+02   1.667057722944e+02  -1.212832670300e+01   4.060490360143e+01   3.628803036893e+01   2.774651700724e+02   6.159381860228e+00  -1.090396635510e+01   5.556029542156e-01  -1.535389926513e-01   6.166657730208e-01   5.361300059705e-01
  9.400000000000e-01  -1.735245724490e+02  -2.030945481064e+02   1.254212495747e+02  -1.212832670300e+01   4.060490360143e+01   3.628803036893e+01   2.789376945604e+02   6.224284570749e+00  -1.083625020878e+01   4.346907515832e-01  -1.673243676156e-01   6.645754743078e-01   5.842660073487e-01
  9.450000000000e-01  -2.281436187335e+02  -1.722820983590e+02   7.301694563254e+01  -1.212832670300e+01   4.060490360143e+01   3.628803036893e+01   2.804099498891e+02   6.289706261060e+00  -1.076770017259e+01   3.053357445523e-01  -1.778598699361e-01   6.995773991149e-01   6.210540494249e-01
  9.500000000000e-01  -2.646365175836e+02  -1.296997088303e+02   1.355323992802e+01  -1.212832670300e+01   4.060490360143e+01   3.628803036893e+01   2.818819097905e+02   6.355738501774e+00  -1.069815155843e+01   1.700503422050e-01  -1.849408732875e-01   7.209917210068e-01   6.457796145958e-01
  9.550000000000e-01  -2.801865515926e+02  -7.863305123165e+01  -4.837218182654e+01  -1.212832670300e+01   4.060490360143e+01   3.628803036893e+01   2.833536295859e+02   6.422420698462e+00  -1.062742180628e+01   3.146213695635e-02  -1.884298466545e-01   7.284025199484e-01   6.579624697768e-01
  9.600000000000e-01  -2.735886890929e+02  -2.302668770178e+01  -1.079737447349e+02  -1.212832670300e+01   4.060490360143e+01   3.628803036893e+01   2.848252563661e+02   6.489746356739e+00  -1.055538364106e+01  -1.077371300871e-01  -1.882590255326e-01   7.216658605186e-01   6.573659937447e-01
  9.650000000000e-01  -2.453433063684e+02   3.281967694782e+01  -1.606441953022e+02  -1.212832670300e+01   4.060490360143e+01   3.628803036893e+01   2.862970007258e+02   6.557674727539e+00  -1.048202405811e+01  -2.448438496955e-01  -1.844317280823e-01   7.009125874804e-01   6.440017729077e-01
  9.700000000000e-01  -1.976178874842e+02   8.458178285189e+01  -2.023067793969e+02  -1.212832670300e+01   4.060490360143e+01   3.628803036893e+01   2.877690744427e+02   6.626128747456e+00  -1.040747356606e+01  -3.771950555887e-01  -1.770222906749e-01   6.665457844093e-01   6.181293762423e-01
  9.750000000000e-01  -1.340809645442e+02   1.282439508255e+02  -2.297228374351e+02  -1.212832670300e+01   4.060490360143e+01   3.628803036893e+01   2.892416053865e+02   6.694972993739e+00  -1.033198633470e+01  -5.022201461130e-01  -1.661746240808e-01   6.192329447421e-01   5.802513137681e-01
  9.800000000000e-01  -5.962769282901e+01   1.604145046167e+02  -2.407298943995e+02  -1.212832670300e+01   4.060490360143e+01   3.628803036893e+01   2.907145525451e+02   6.763990272058e+00  -1.025584180655e+01  -6.174908119529e-01  -1.520994183438e-01   5.598930073037e-01   5.311032764814e-01
  9.850000000000e-01   1.997304199975e+01   1.786048370398e+02  -2.344104064626e+02  -1.212832670300e+01   4.060490360143e+01   3.628803036893e+01   2.921876908435e+02   6.832921438360e+00  -1.017916351317e+01  -7.207682001529e-01  -1.350700506297e-01   4.896785081172e-01   4.716398473123e-01
  9.900000000000e-01   9.850985308271e+01   1.814285309549e+02  -2.112038586671e+02  -1.212832670300e+01   4.060490360143e+01   3.628803036893e+01   2.936607443456e+02   6.901603296792e+00  -1.010180750198e+01  -8.100463984038e-01  -1.154172755294e-01   4.099531951545e-01   4.030159606374e-01
  9.950000000000e-01   1.698417716122e+02   1.686913880455e+02  -1.729020553131e+02  -1.212832670300e+01   4.060490360143e+01   3.628803036893e+01   2.951335398761e+02   6.970064842963e+00  -1.002348489229e+01  -8.835913950141e-01  -9.352280094480e-02   3.222655408080e-01   3.265644704520e-01
  1.000000000000e+00   2.284078214350e+02   1.413991697577e+02  -1.224922901263e+02  -1.212832670300e+01   4.060490360143e+01   3.628803036893e+01   2.966060166971e+02   7.038478506292e+00  -9.943947425766e+00  -9.399747578674e-01  -6.981187433084e-02   2.283186665399e-01   2.437702628856e-01
  1.005000000000e+00   2.696617181331e+02   1.016824631083e+02  -6.390162143358e+01  -1.212832670300e+01   4.060490360143e+01   3.628803036893e+01   2.980781657764e+02   7.107058585388e+00  -9.863055303256e+00  -9.781013782303e-01  -4.474502328741e-02   1.299372638506e-01   1.562414158643e-01
  1.010000000000e+00   2.904139582582e+02   5.263261934711e+01  -1.682126360868e+00  -1.212832670300e+01   4.060490360143e+01   3.628803036893e+01   2.995499883071e+02   7.175990925187e+00  -9.780762450242e+00  -9.972307405579e-01  -1.880911092073e-02   2.903215404554e-02   6.567796607296e-02
  1.015000000000e+00   2.890697020153e+02  -1.938283591327e+00   5.934284669472e+01  -1.212832670300e+01   4.060490360143e+01   3.628803036893e+01   3.010214831125e+02   7.245401683195e+00  -9.697085355003e+00  -9.969913051812e-01   7.492120297892e-03  -7.243682485625e-02  -2.616111015631e-02
  1.020000000000e+00   2.657469404536e+02  -5.779335229274e+01   1.144506501494e+02  -1.212832670300e+01   4.060490360143e+01   3.628803036893e+01   3.024926510731e+02   7.315349994889e+00  -9.612079097833e+00  -9.773877245292e-01   3.364783251322e-02  -1.724988832421e-01  -1.174920607117e-01
  1.025000000000e+00   2.222640572340e+02  -1.105992923984e+02   1.593833021029e+02  -1.212832670300e+01   4.060490360143e+01   3.628803036893e+01   3.039635062143e+02   7.385834257829e+00  -9.525822489827e+00  -9.388007527285e-01   5.915001427689e-02  -2.692105577293e-01  -2.065410027760e-01
  1.030000000000e+00   1.619963239299e+02  -1.562614246392e+02   1.906751075974e+02  -1.212832670300e+01   4.060490360143e+01   3.628803036893e+01   3.054340850111e+02   7.456806923243e+00  -9.438409702322e+00  -8.819798503366e-01   8.350334744109e-02  -3.606934582392e-01  -2.915783762097e-01
  1.035000000000e+00   8.961307886935e+01  -1.912381184639e+02   2.059177292972e+02  -1.212832670300e+01   4.060490360143e+01   3.628803036893e+01   3.069044450336e+02   7.528194406248e+00  -9.349945993939e+00  -8.080286278451e-01   1.062348275146e-01  -4.451707511756e-01  -3.709525360701e-01
  1.040000000000e+00   1.071928073202e+01  -2.128096258840e+02   2.039445811643e+02  -1.212832670300e+01   4.060490360143e+01   3.628803036893e+01   3.083746443591e+02   7.599923266994e+00  -9.260545273305e+00  -7.183834106784e-01   1.269029506289e-01  -5.210016701106e-01  -4.431218318127e-01
  1.045000000000e+00  -6.857338342273e+01  -2.192860455902e+02   1.849273089505e+02  -1.212832670300e+01   4.060490360143e+01   3.628803036893e+01   3.098447065580e+02   7.671960209002e+00  -9.170319383792e+00  -6.147853420118e-01   1.451062886802e-01  -5.867133836911e-01  -5.066845501137e-01
  1.050000000000e+00  -1.421266219083e+02  -2.101443857871e+02   1.503679905335e+02  -1.212832670300e+01   4.060490360143e+01   3.628803036893e+01   3.113146006367e+02   7.744350228652e+00  -9.079338646054e+00  -4.992465652443e-01   1.604912860953e-01  -6.410296018093e-01  -5.604061397477e-01
  1.055000000000e+00  -2.042599402926e+02  -1.860751167962e+02   1.029692562018e+02  -1.212832670300e+01   4.060490360143e+01   3.628803036893e+01   3.127842598666e+02   7.817202467057e+00  -8.987578206909e+00  -3.740111429508e-01   1.727591267891e-01  -6.828953644314e-01  -6.032431897430e-01
  1.060000000000e+00  -2.501822433738e+02  -1.489281399445e+02   4.641162784256e+01  -1.212832670300e+01   4.060490360143e+01   3.628803036893e+01   3.142536305211e+02   7.890627558770e+00  -8.894909081977e+00  -2.415114713694e-01   1.816715379388e-01  -7.114975316233e-01  -6.343636950972e-01
  1.065000000000e+00  -2.763515272310e+02  -1.015676263530e+02  -1.492854492460e+01  -1.212832670300e+01   4.060490360143e+01   3.628803036893e+01   3.157227230814e+02   7.964691267653e+00  -8.801148164489e+00  -1.043210369670e-01   1.870554178509e-01  -7.262805768028e-01  -6.531632164409e-01
  1.070000000000e+00  -2.807454631420e+02  -4.765005486984e+01  -7.631034654446e+01  -1.212832670300e+01   4.060490360143e+01   3.628803036893e+01   3.171916400350e+02   8.039408001090e+00  -8.706131822728e+00   3.489556732695e-02   1.888061980368e-01  -7.269573764735e-01  -6.592766197874e-01
  1.075000000000e+00  -2.630179653397e+02   8.657698319564e+00  -1.329900816741e+02  -1.212832670300e+01   4.060490360143e+01   3.628803036893e+01   3.186605666147e+02   8.114752814247e+00  -8.609784396612e+00   1.734343954040e-01   1.868898741955e-01  -7.135147868773e-01  -6.525851683538e-01
  1.080000000000e+00  -2.245264054389e+02   6.299893606905e+01  -1.805844122746e+02  -1.212832670300e+01   4.060490360143e+01   3.628803036893e+01   3.201297238367e+02   8.190667875041e+00  -8.512164551914e+00   3.086046655957e-01   1.813436666578e-01  -6.862138992523e-01  -6.332188287098e-01
  1.085000000000e+00  -1.682272424046e+02   1.111622152170e+02  -2.154038018524e+02  -1.212832670300e+01   4.060490360143e+01   3.628803036893e+01   3.215992922627e+02   8.267050081559e+00  -8.413472482281e+00   4.377810225996e-01   1.722752974644e-01  -6.455849687385e-01  -6.015537464667e-01
  1.090000000000e+00  -9.845158525874e+01   1.494079315312e+02  -2.347273733141e+02  -1.212832670300e+01   4.060490360143e+01   3.628803036893e+01   3.230693222415e+02   8.343723565530e+00  -8.313993490105e+00   5.584545286510e-01   1.598608981180e-01  -5.924171154270e-01  -5.582049405331e-01
  1.095000000000e+00  -2.058775385807e+01   1.747684548937e+02  -2.370038941821e+02  -1.212832670300e+01   4.060490360143e+01   3.628803036893e+01   3.245396727934e+02   8.420438126968e+00  -8.213951267196e+00   6.682813935601e-01   1.443415886483e-01  -5.277429975833e-01  -5.040143578352e-01
  1.100000000000e+00   5.930840001854e+01   1.852931186184e+02  -2.219931238671e+02  -1.212832670300e+01   4.060490360143e+01   3.628803036893e+01   3.260100706163e+02   8.496963533135e+00  -8.113333835501e+00   7.651284971528e-01   1.260187944317e-01  -4.528187547332e-01  -4.400345205109e-01
  1.105000000000e+00   1.349905987785e+02   1.801916780571e+02  -1.908292175702e+02  -1.212832670300e+01   4.060490360143e+01   3.628803036893e+01   3.274802795799e+02   8.573230296051e+00  -8.011899670194e+00   8.471148199496e-01   1.052483917257e-01  -3.690996101669e-01  -3.675080831904e-01
  1.110000000000e+00   2.005469675334e+02   1.598808568832e+02  -1.459369537907e+02  -1.212832670300e+01   4.060490360143e+01   3.628803036893e+01   3.289501857266e+02   8.649352182200e+00  -7.909365067347e+00   9.126479773956e-01   8.243379562818e-02  -2.782116067255e-01  -2.878436974161e-01
  1.115000000000e+00   2.508775005633e+02   1.259516881060e+02  -9.081772463570e+01  -1.212832670300e+01   4.060490360143e+01   3.628803036893e+01   3.304197577627e+02   8.725534990590e+00  -7.805536214932e+00   9.604551480502e-01   5.801812470935e-02  -1.819200248327e-01  -2.025886519749e-01
  1.120000000000e+00   2.820833596991e+02   8.104825984242e+01  -2.975991718760e+01  -1.212832670300e+01   4.060490360143e+01   3.628803036893e+01   3.318889924380e+02   8.801984733339e+00  -7.700325153992e+00   9.896077950332e-01   3.247559450114e-02  -8.209509617741e-02  -1.133988205415e-01
  1.125000000000e+00   2.917578691349e+02   2.866276072367e+01   3.249826271994e+01  -1.212832670300e+01   4.060490360143e+01   3.628803036893e+01   3.333578888221e+02   8.878858441216e+00  -7.593721042576e+00   9.995397005734e-01   6.302307003932e-03   1.932432102540e-02  -2.200650032477e-02
  1.130000000000e+00   2.791656247300e+02  -2.713570277501e+01   9.113487149712e+01  -1.212832670300e+01   4.060490360143e+01   3.628803036893e+01   3.348264455598e+02   8.956247227213e+00  -7.485761623547e+00   9.900579633824e-01  -1.999338489736e-02   1.203683996740e-01   6.981323362420e-02
  1.135000000000e+00   2.452953795700e+02  -8.201673590167e+01   1.416158230852e+02  -1.212832670300e+01   4.060490360143e+01   3.628803036893e+01   3.362946696429e+02   9.034177184198e+00  -7.376514290587e+00   9.613467452581e-01  -4.590075096012e-02   2.190746029115e-01   1.602770049572e-01
  1.140000000000e+00   1.927805735352e+02  -1.317239853245e+02   1.800441847503e+02  -1.212832670300e+01   4.060490360143e+01   3.628803036893e+01   3.377625876206e+02   9.112620893010e+00  -7.266065069637e+00   9.139636941482e-01  -7.091660328424e-02   3.135258016579e-01   2.476277738029e-01
  1.145000000000e+00   1.256929918494e+02  -1.724033901572e+02   2.034592673537e+02  -1.212832670300e+01   4.060490360143e+01   3.628803036893e+01   3.392302507855e+02   9.191515378463e+00  -7.154512740729e+00   8.488291131493e-01  -9.455506951958e-02   4.018875102019e-01   3.301689630151e-01
  1.150000000000e+00   4.922773253650e+01  -2.008973877572e+02   2.100622638016e+02  -1.212832670300e+01   4.060490360143e+01   3.628803036893e+01   3.406977246639e+02   9.270784388119e+00  -7.041966209673e+00   7.672080858076e-01  -1.163570297597e-01   4.824435166420e-01   4.062974100751e-01
  1.155000000000e+00  -3.069350722577e+01  -2.149839405007e+02   1.993567012174e+02  -1.212832670300e+01   4.060490360143e+01   3.628803036893e+01   3.421650578317e+02   9.350370375183e+00  -6.928540569316e+00   6.706859048951e-01  -1.358990338331e-01   5.536292161400e-01   4.745345046375e-01
  1.160000000000e+00  -1.078802271219e+02  -2.135504245920e+02   1.721957251551e+02  -1.212832670300e+01   4.060490360143e+01   3.628803036893e+01   3.436322484969e+02   9.430278123798e+00  -6.814333898396e+00   5.611372818976e-01  -1.528015257954e-01   6.140619995717e-01   5.335549069481e-01
  1.165000000000e+00  -1.763638056296e+02  -1.966879120967e+02   1.307126836672e+02  -1.212832670300e+01   4.060490360143e+01   3.628803036893e+01   3.450992428553e+02   9.510591502643e+00  -6.699374286337e+00   4.406899352488e-01  -1.667362158809e-01   6.625681073472e-01   5.822122893482e-01
  1.170000000000e+00  -2.308604740344e+02  -1.656867433777e+02   7.813865508864e+01  -1.212832670300e+01   4.060490360143e+01   3.628803036893e+01   3.465659728000e+02   9.591428500619e+00  -6.583581848139e+00   3.116832645178e-01  -1.774324567328e-01   6.982054268311e-01   6.195616008992e-01
  1.175000000000e+00  -2.671682654701e+02  -1.229345447748e+02   1.854729644638e+01  -1.212832670300e+01   4.060490360143e+01   3.628803036893e+01   3.480324105521e+02   9.672880072947e+00  -6.466791948824e+00   1.766229132085e-01  -1.846825000671e-01   7.202817905790e-01   6.448774226915e-01
  1.180000000000e+00  -2.824848711357e+02  -7.173017227966e+01  -4.345385652234e+01  -1.212832670300e+01   4.060490360143e+01   3.628803036893e+01   3.494986111424e+02   9.754984969700e+00  -6.348821779219e+00   3.813210267595e-02  -1.883455316749e-01   7.283684199910e-01   6.576680573298e-01
  1.185000000000e+00  -2.756232994591e+02  -1.602887289534e+01  -1.030735520479e+02  -1.212832670300e+01   4.060490360143e+01   3.628803036893e+01   3.509647224250e+02   9.837735938274e+00  -6.229544301325e+00  -1.010993176169e-01  -1.883504063905e-01   7.223082532719e-01   6.576850789428e-01
  1.190000000000e+00  -2.471041156284e+02   3.986227502084e+01  -1.557033185418e+02  -1.212832670300e+01   4.060490360143e+01   3.628803036893e+01   3.524309559418e+02   9.921091368120e+00  -6.108947963883e+00  -2.383671139278e-01  -1.846970299076e-01   7.022189959495e-01   6.449281582300e-01
  1.195000000000e+00  -1.991155510166e+02   9.161558149911e+01  -1.972695645336e+02  -1.212832670300e+01   4.060490360143e+01   3.628803036893e+01   3.538975231685e+02   1.000497314913e+01  -5.987165829515e+00  -3.710051914382e-01  -1.774563606034e-01   6.684908347009e-01   6.196450688320e-01
  1.200000000000e+00  -1.353459143543e+02   1.352164208933e+02  -2.245408013920e+02  -1.212832670300e+01   4.060490360143e+01   3.628803036893e+01   3.553645492145e+02   1.008924458038e+01  -5.864453806061e+00  -4.964373766939e-01  -1.667690313366e-01   6.217788588924e-01   5.823268749016e-01
  1.205000000000e+00  -6.070793251714e+01   1.672787730599e+02  -2.353655752285e+02  -1.212832670300e+01   4.060490360143e+01   3.628803036893e+01   3.568319895669e+02   1.017368779199e+01  -5.741089054102e+00  -6.122274535364e-01  -1.528426179870e-01   5.629903370254e-01   5.336983933455e-01
  1.210000000000e+00   1.901557124930e+01   1.853225126160e+02  -2.288408759330e+02  -1.212832670300e+01   4.060490360143e+01   3.628803036893e+01   3.582996196873e+02   1.025804440643e+01  -5.617190673549e+00  -7.161264806962e-01  -1.359476077891e-01   4.932670952137e-01   4.747041159840e-01
  1.215000000000e+00   9.760379061582e+01   1.879710138768e+02  -2.054214662490e+02  -1.212832670300e+01   4.060490360143e+01   3.628803036893e+01   3.597671650963e+02   1.034215160135e+01  -5.492614839212e+00  -8.061164720198e-01  -1.164121457654e-01   4.139633399489e-01   4.064898650596e-01
  1.220000000000e+00   1.689105113920e+02   1.750427874414e+02  -1.669146521614e+02  -1.212832670300e+01   4.060490360143e+01   3.628803036893e+01   3.612344479765e+02   1.042603883077e+01  -5.367075942565e+00  -8.804495909474e-01  -9.461566129680e-02   3.266193558914e-01   3.303805383897e-01
  1.225000000000e+00   2.273756403006e+02   1.475586656262e+02  -1.163241329385e+02  -1.212832670300e+01   4.060490360143e+01   3.628803036893e+01   3.627013998716e+02   1.050988038964e+01  -5.240328984769e+00  -9.376820979843e-01  -7.098149861914e-02   2.329315895472e-01   2.478543764117e-01
  1.230000000000e+00   2.684608635012e+02   1.076645620543e+02  -5.759186094707e+01  -1.212832670300e+01   4.060490360143e+01   3.628803036893e+01   3.641680055410e+02   1.059389153322e+01  -5.112236995051e+00  -9.767023918187e-01  -4.596869438064e-02   1.347196998802e-01   1.605142509220e-01
  1.235000000000e+00   2.889903902859e+02   5.846584953843e+01   4.718739410729e+00  -1.212832670300e+01   4.060490360143e+01   3.628803036893e+01   3.656342625973e+02   1.067825685933e+01  -4.982755442421e+00  -9.967525994548e-01  -2.006306196132e-02   3.389121582474e-02   7.005653315399e-02
  1.240000000000e+00   2.873872066383e+02   3.786231093802e+00   6.577730100503e+01  -1.212832670300e+01   4.060490360143e+01   3.628803036893e+01   3.671001686997e+02   1.076309985965e+01  -4.851900707430e+00  -9.974432960274e-01   6.232244279844e-03  -6.759551286077e-02  -2.176185414053e-02
  1.245000000000e+00   2.637897663488e+02  -5.212901026090e+01   1.208588276653e+02  -1.212832670300e+01   4.060490360143e+01   3.628803036893e+01   3.685657256990e+02   1.084847681836e+01  -4.719726448031e+00  -9.787610684006e-01   3.240650156349e-02  -1.677693518074e-01  -1.131575606737e-01
  1.250000000000e+00   2.200380083059e+02  -1.049420574520e+02   1.657077924067e+02  -1.212832670300e+01   4.060490360143e+01   3.628803036893e+01   3.700309506091e+02   1.093438414742e+01  -4.586309252050e+00  -9.410687756473e-01   5.795133824565e-02  -2.646846665557e-01  -2.023554458911e-01
  1.255000000000e+00   1.595281390951e+02  -1.505579862221e+02   1.968655925423e+02  -1.212832670300e+01   4.060490360143e+01   3.628803036893e+01   3.714958849478e+02   1.102077398722e+01  -4.451740704316e+00  -8.850985013505e-01   8.237060770740e-02  -3.564591117979e-01  -2.876230567843e-01
  1.260000000000e+00   8.694795342641e+01  -1.854392658812e+02   2.119349059333e+02  -1.212832670300e+01   4.060490360143e+01   3.628803036893e+01   3.729605932811e+02   1.110757442467e+01  -4.316123546190e+00  -8.119373346125e-01   1.051900248020e-01  -4.413101913776e-01  -3.673042765963e-01
  1.265000000000e+00   7.916821430236e+00  -2.068739427458e+02   2.097626726678e+02  -1.212832670300e+01   4.060490360143e+01   3.628803036893e+01   3.744251413577e+02   1.119471509227e+01  -4.179569936129e+00  -7.230062559414e-01   1.259663776947e-01  -5.175898789568e-01  -4.398514908776e-01
  1.270000000000e+00  -7.144381875270e+01  -2.131824900249e+02   1.905352992558e+02  -1.212832670300e+01   4.060490360143e+01   3.628803036893e+01   3.758895581458e+02   1.128216607973e+01  -4.042191221209e+00  -6.200325381067e-01   1.442961361779e-01  -5.838166269288e-01  -5.038556461435e-01
  1.275000000000e+00  -1.449907344426e+02  -2.038544231756e+02   1.557702479295e+02  -1.212832670300e+01   4.060490360143e+01   3.628803036893e+01   3.773538140033e+02   1.136997473013e+01  -3.904057878442e+00  -5.050161980114e-01   1.598232892654e-01  -6.387041418814e-01  -5.580736173165e-01
  1.280000000000e+00  -2.070436823872e+02  -1.795944139406e+02   1.081856308744e+02  -1.212832670300e+01   4.060490360143e+01   3.628803036893e+01   3.788178408670e+02   1.145825063543e+01  -3.765145395973e+00  -3.801911511717e-01   1.722462598402e-01  -6.811863677157e-01  -6.014523524082e-01
  1.285000000000e+00  -2.528175978604e+02  -1.422671219222e+02   5.147642838626e+01  -1.212832670300e+01   4.060490360143e+01   3.628803036893e+01   3.802815832459e+02   1.154710390957e+01  -3.625325074800e+00  -2.479818232863e-01   1.813237620554e-01  -7.104381911857e-01  -6.331493254883e-01
  1.290000000000e+00  -2.787820037987e+02  -9.475071719037e+01  -9.969206712945e+00  -1.212832670300e+01   4.060490360143e+01   3.628803036893e+01   3.817450507457e+02   1.163659967893e+01  -3.484413732219e+00  -1.109560616101e-01   1.868794877218e-01  -7.258914677033e-01  -6.525489006923e-01
  1.295000000000e+00  -2.829304659774e+02  -4.071377120944e+01  -7.140231072003e+01  -1.212832670300e+01   4.060490360143e+01   3.628803036893e+01   3.832083461292e+02   1.172675164881e+01  -3.342247735873e+00   2.822473928408e-02   1.888055306617e-01  -7.272460561471e-01  -6.592742894360e-01
  1.300000000000e+00  -2.649357793525e+02   1.566757981048e+01  -1.280754106897e+02  -1.212832670300e+01   4.060490360143e+01   3.628803036893e+01   3.846716555395e+02   1.181753407842e+01  -3.198752302706e+00   1.668573286692e-01   1.870644825187e-01  -7.144756483503e-01  -6.531948685984e-01
  1.305000000000e+00  -2.261756691114e+02   7.003094013571e+01  -1.756057960732e+02  -1.212832670300e+01   4.060490360143e+01   3.628803036893e+01   3.861352003922e+02   1.190888822128e+01  -3.053988224696e+00   3.022491037769e-01   1.816901593170e-01  -6.878282800454e-01  -6.344287175351e-01
  1.310000000000e+00  -1.696268515525e+02   1.181633255497e+02  -2.103087521638e+02  -1.212832670300e+01   4.060490360143e+01   3.628803036893e+01   3.875991596957e+02   1.200070981967e+01  -2.908158156277e+00   4.317704070942e-01   1.727869446600e-01  -6.478215133420e-01  -6.033403246467e-01
  1.315000000000e+00  -9.963921556805e+01   1.563281921463e+02  -2.294721099192e+02  -1.212832670300e+01   4.060490360143e+01   3.628803036893e+01   3.890635802157e+02   1.209282186858e+01  -2.761547374020e+00   5.529056010958e-01   1.605277623236e-01  -5.952323843064e-01  -5.605335080478e-01
  1.320000000000e+00  -2.161712136255e+01   1.815649005036e+02  -2.315572195708e+02  -1.212832670300e+01   4.060490360143e+01   3.628803036893e+01   3.905283191989e+02   1.218497417423e+01  -2.614375567242e+00   6.633019284082e-01   1.451507176234e-01  -5.310823108893e-01  -5.068396878361e-01
  1.325000000000e+00   5.837171800589e+01   1.919314901143e+02  -2.163387248118e+02  -1.212832670300e+01   4.060490360143e+01   3.628803036893e+01   3.919931052729e+02   1.227693711421e+01  -2.466628277634e+00   7.608152084158e-01   1.269544727879e-01  -4.566172543260e-01  -4.433017377439e-01
  1.330000000000e+00   1.340732174385e+02   1.866485294693e+02  -1.849657050863e+02  -1.212832670300e+01   4.060490360143e+01   3.628803036893e+01   3.934577007792e+02   1.236864127814e+01  -2.318066192281e+00   8.435514827634e-01   1.062924461607e-01  -3.732835193303e-01  -3.711537298161e-01
  1.335000000000e+00   1.995725489875e+02   1.661466209249e+02  -1.398789559000e+02  -1.212832670300e+01   4.060490360143e+01   3.628803036893e+01   3.949219848199e+02   1.246020187624e+01  -2.168408986046e+00   9.099038008922e-01   8.356594789805e-02  -2.826996631015e-01  -2.917969655256e-01
  1.340000000000e+00   2.497737266680e+02   1.320320459759e+02  -8.459586229529e+01  -1.212832670300e+01   4.060490360143e+01   3.628803036893e+01   3.963859188840e+02   1.255182654452e+01  -2.017466144263e+00   9.585834311390e-01   5.921638548491e-02  -1.866250587478e-01  -2.067727588631e-01
  1.345000000000e+00   2.807884678845e+02   8.696363856575e+01  -2.341815543465e+01  -1.212832670300e+01   4.060490360143e+01   3.628803036893e+01   3.978494948729e+02   1.264372113608e+01  -1.865152154254e+00   9.886448912001e-01   3.371669045756e-02  -8.692572370266e-02  -1.177325000260e-01
  1.350000000000e+00   2.902255552639e+02   3.444654564885e+01   3.890654830861e+01  -1.212832670300e+01   4.060490360143e+01   3.628803036893e+01   3.993127095417e+02   1.273604053229e+01  -1.711456956104e+00   9.995043118043e-01   7.562132848965e-03   1.446192316157e-02  -2.640558114558e-02
  1.355000000000e+00   2.773684641684e+02  -2.143990868039e+01   9.755132228499e+01  -1.212832670300e+01   4.060490360143e+01   3.628803036893e+01   4.007755614382e+02   1.282887290888e+01  -1.556417481353e+00   9.909507769241e-01  -1.873929823631e-02   1.155686717957e-01   6.543419298138e-02
  1.360000000000e+00   2.432268031726e+02  -7.635859460979e+01   1.479817862615e+02  -1.212832670300e+01   4.060490360143e+01   3.628803036893e+01   4.022380594779e+02   1.292224180288e+01  -1.400099219565e+00   9.631504202716e-01  -4.467676108338e-02   2.144307681202e-01   1.560030567659e-01
  1.365000000000e+00   1.904552525246e+02  -1.260504476756e+02   1.863054407482e+02  -1.212832670300e+01   4.060490360143e+01   3.628803036893e+01   4.037002341385e+02   1.301611856604e+01  -1.242585683122e+00   9.166431985149e-01  -6.974648323239e-02   3.091280551993e-01   2.435419291614e-01
  1.370000000000e+00   1.231454365123e+02  -1.666630215935e+02   2.095703982932e+02  -1.212832670300e+01   4.060490360143e+01   3.628803036893e+01   4.051621427261e+02   1.311044094743e+01  -1.083972911977e+00   8.523324038868e-01  -9.346154603969e-02   3.978212676419e-01   3.263505795564e-01
  1.375000000000e+00   4.650907036006e+01  -1.950444913874e+02   2.159899511104e+02  -1.212832670300e+01   4.060490360143e+01   3.628803036893e+01   4.066238584115e+02   1.320513522908e+01  -9.243673747169e-01   7.714671198806e-01  -1.153613418933e-01   4.787877548760e-01   4.028206506374e-01
  1.380000000000e+00  -3.351987772577e+01  -2.089816695800e+02   2.050815177511e+02  -1.212832670300e+01   4.060490360143e+01   3.628803036893e+01   4.080854368023e+02   1.330014722320e+01  -7.638828409583e-01   6.756179607881e-01  -1.350205203994e-01   5.504549394584e-01   4.714668968310e-01
  1.385000000000e+00  -1.107432339074e+02  -2.073730476826e+02   1.777130864652e+02  -1.212832670300e+01   4.060490360143e+01   3.628803036893e+01   4.095468795947e+02   1.339548473283e+01  -6.026171918283e-01   5.666465662826e-01  -1.520572497816e-01   6.114308605744e-01   5.309560315950e-01
  1.390000000000e+00  -1.791895463597e+02  -1.903228662936e+02   1.360333350529e+02  -1.212832670300e+01   4.060490360143e+01   3.628803036893e+01   4.110081328185e+02   1.349123303489e+01  -4.405986950580e-01   4.466694435394e-01  -1.661406330352e-01   6.605312094914e-01   5.801326232702e-01
  1.395000000000e+00  -2.335776525106e+02  -1.591358969131e+02   8.328841331129e+01  -1.212832670300e+01   4.060490360143e+01   3.628803036893e+01   4.124691267211e+02   1.358750994730e+01  -2.777477980197e-01   3.180168591765e-01  -1.769971347965e-01   6.968023318717e-01   6.180415365280e-01
  1.400000000000e+00  -2.697139203084e+02  -1.162141750493e+02   2.356531724499e+01  -1.212832670300e+01   4.060490360143e+01   3.628803036893e+01   4.139298322075e+02   1.368440580699e+01  -1.139000224942e-01   1.831875794380e-01  -1.844158940999e-01   7.195397501782e-01   6.439464835448e-01
