  Time[s]              u[ft/s]            v[ft/s]                w[ft/s]              p[rad/s]             q[rad/s]             r[rad/s]             x[ft]                y[ft]                z[ft]                e0                   ex                   ey                   ez
  0.000000000000e+00   2.097060887872e+02   0.000000000000e+00   6.650831771715e+01   0.000000000000e+00   0.000000000000e+00   0.000000000000e+00   0.000000000000e+00   0.000000000000e+00  -5.000000000000e+02   9.882331441738e-01   0.000000000000e+00   1.529550677693e-01   0.000000000000e+00
  1.000000000000e-01   2.097060887872e+02   5.428479513665e-21   6.650831771715e+01  -1.131865091910e-22  -6.518039852430e-18  -8.192520077407e-22   2.200000000000e+01  -1.419681274287e-24  -5.000000000000e+02   9.882331441738e-01  -3.817832724456e-24   1.529550677693e-01  -1.327736186935e-23
  2.000000000000e-01   2.097060887872e+02   4.230404087074e-20   6.650831771715e+01  -5.775790018994e-22  -1.303607923963e-17  -3.233958390728e-21   4.400000000000e+01  -4.132416638526e-23  -5.000000000000e+02   9.882331441738e-01  -3.350845782446e-23   1.529550677693e-01  -1.046616678543e-22
  3.000000000000e-01   2.097060887872e+02   1.387633812895e-19   6.650831771715e+01  -1.607766661009e-21  -1.955411771569e-17  -7.160098779631e-21   6.600000000000e+01  -2.635666291263e-22  -5.000000000000e+02   9.882331441738e-01  -1.234958738740e-22   1.529550677693e-01  -3.475256261614e-22
  4.000000000000e-01   2.097060887872e+02   3.186976793975e-19   6.650831771715e+01  -3.441123449789e-21  -2.607215486211e-17  -1.249112318182e-20   8.800000000000e+01  -9.935712641876e-22  -5.000000000000e+02   9.882331441738e-01  -3.187043988993e-22   1.529550677693e-01  -8.087775008780e-22
  5.000000000000e-01   2.097060887872e+02   6.012426319352e-19   6.650831771715e+01  -6.322462520063e-21  -3.259019029366e-17  -1.910252860115e-20   1.100000000000e+02  -2.810419356833e-21  -5.000000000000e+02   9.882331441738e-01  -6.751447980854e-22   1.529550677693e-01  -1.547744482785e-21
  6.000000000000e-01   2.097060887872e+02   1.000470774711e-18   6.650831771715e+01  -1.049020176756e-20  -3.910822366273e-17  -2.685676062546e-20   1.320000000000e+02  -6.617172027840e-21  -5.000000000000e+02   9.882331441738e-01  -1.259814532430e-21   1.529550677693e-01  -2.615402839163e-21
  7.000000000000e-01   2.097060887872e+02   1.525280218850e-18   6.650831771715e+01  -1.616432801154e-20  -4.562625466247e-17  -3.560824306575e-20   1.540000000000e+02  -1.370887039147e-20  -5.000000000000e+02   9.882331441738e-01  -2.149995933024e-21   1.529550677693e-01  -4.053953294319e-21
  8.000000000000e-01   2.097060887872e+02   2.179467877628e-18   6.650831771715e+01  -2.353637055872e-20  -5.214428302827e-17  -4.520835058667e-20   1.760000000000e+02  -2.583762886948e-20  -5.000000000000e+02   9.882331441738e-01  -3.432046963563e-21   1.529550677693e-01  -5.896728725301e-21
  9.000000000000e-01   2.097060887872e+02   2.961970068203e-18   6.650831771715e+01  -3.276151656722e-20  -5.866230853803e-17  -5.551015629419e-20   1.980000000000e+02  -4.527424854149e-20  -5.000000000000e+02   9.882331441738e-01  -5.199786359777e-21   1.529550677693e-01  -8.168411202008e-21
  1.000000000000e+00   2.097060887872e+02   3.867249152691e-18   6.650831771715e+01  -4.395292345082e-20  -6.518033101096e-17  -6.637280748027e-20   2.200000000000e+02  -7.486582003273e-20  -5.000000000000e+02   9.882331441738e-01  -7.552578354270e-21   1.529550677693e-01  -1.088552689150e-20
  1.100000000000e+00   2.097060887872e+02   4.885801699846e-18   6.650831771715e+01  -5.717821009152e-20  -7.169835030534e-17  -7.766540713854e-20   2.420000000000e+02  -1.180888543535e-19  -5.000000000000e+02   9.882331441738e-01  -1.059322205863e-20   1.529550677693e-01  -1.405718054646e-20
  1.200000000000e+00   2.097060887872e+02   6.004761528012e-18   6.650831771715e+01  -7.245804106795e-20  -7.821636631512e-17  -8.927030540376e-20   2.640000000000e+02  -1.790975697785e-19  -5.000000000000e+02   9.882331441738e-01  -1.442574714089e-20   1.529550677693e-01  -1.768598630174e-20
  1.300000000000e+00   2.097060887872e+02   7.208569920349e-18   6.650831771715e+01  -8.976665829286e-20  -8.473437896577e-17  -1.010857326864e-19   2.860000000000e+02  -2.627670676118e-19  -5.000000000000e+02   9.882331441738e-01  -1.915321105666e-20   1.529550677693e-01  -2.176914833718e-20
  1.400000000000e+00   2.097060887872e+02   8.479685238890e-18   6.650831771715e+01  -1.090341638156e-19  -9.125238820941e-17  -1.130277339724e-19   3.080000000000e+02  -3.747312438960e-19  -5.000000000000e+02   9.882331441738e-01  -2.487558419106e-20   1.529550677693e-01  -2.629964359289e-20
  1.500000000000e+00   2.097060887872e+02   9.799305028881e-18   6.650831771715e+01  -1.301503170930e-19  -9.777039401953e-17  -1.250313906125e-19   3.300000000000e+02  -5.214154023755e-19  -5.000000000000e+02   9.882331441738e-01  -3.168779832258e-20   1.529550677693e-01  -3.126745905149e-20
  1.600000000000e+00   2.097060887872e+02   1.114807539821e-17   6.650831771715e+01  -1.529695803512e-19  -1.042883963854e-16  -1.370513411057e-19   3.520000000000e+02  -7.100636512811e-19  -5.000000000000e+02   9.882331441738e-01  -3.967802133916e-20   1.529550677693e-01  -3.666083798712e-20
  1.700000000000e+00   2.097060887872e+02   1.250676485787e-17   6.650831771715e+01  -1.773171269340e-19  -1.108063953066e-16  -1.490616351889e-19   3.740000000000e+02  -9.487612782240e-19  -5.000000000000e+02   9.882331441738e-01  -4.892620764432e-20   1.529550677693e-01  -4.246749283983e-20
  1.800000000000e+00   2.097060887872e+02   1.385688278307e-17   6.650831771715e+01  -2.029955195514e-19  -1.173243907873e-16  -1.610549753978e-19   3.960000000000e+02  -1.246452399743e-18  -5.000000000000e+02   9.882331441738e-01  -5.950295970350e-20   1.529550677693e-01  -4.867574679033e-20
  1.900000000000e+00   2.097060887872e+02   1.518122605802e-17   6.650831771715e+01  -2.297917675650e-19  -1.238423828313e-16  -1.730414167420e-19   4.180000000000e+02  -1.612953271608e-18  -5.000000000000e+02   9.882331441738e-01  -7.146872219279e-20   1.529550677693e-01  -5.527557144772e-20
  2.000000000000e+00   2.097060887872e+02   1.646434115219e-17   6.650831771715e+01  -2.574844840189e-19  -1.292740314488e-16  -1.850466079465e-19   4.400000000000e+02  -2.058961720300e-18  -5.000000000000e+02   9.882331441738e-01  -8.487331668180e-20   1.529550677693e-01  -6.225949407051e-20
  2.100000000000e+00   2.097060887872e+02   1.768743422245e-17   6.650831771715e+01  -2.857671339426e-19  -1.325329967192e-16  -1.965658796939e-19   4.620000000000e+02  -2.596061748865e-18  -5.000000000000e+02   9.882331441738e-01  -9.975207583838e-20   1.529550677693e-01  -6.961004437035e-20
  2.200000000000e+00   2.097060887872e+02   1.882425431853e-17   6.650831771715e+01  -3.142396542259e-19  -1.325329388611e-16  -2.068556860267e-19   4.840000000000e+02  -3.236701631019e-18  -5.000000000000e+02   9.882331441738e-01  -1.161194573401e-19   1.529550677693e-01  -7.728846896429e-20
  2.300000000000e+00   2.097060887872e+02   1.983701460538e-17   6.650831771715e+01  -3.424685896444e-19  -1.325328782535e-16  -2.157726142342e-19   5.060000000000e+02  -3.994140768217e-18  -5.000000000000e+02   9.882331441738e-01  -1.339627548667e-19   1.529550677693e-01  -8.522371283317e-20
  2.400000000000e+00   2.097060887872e+02   2.069463868342e-17   6.650831771715e+01  -3.700342206489e-19  -1.325328152673e-16  -2.234802567887e-19   5.280000000000e+02  -4.882373988558e-18  -5.000000000000e+02   9.882331441738e-01  -1.532496787722e-19   1.529550677693e-01  -9.335534012993e-20
  2.500000000000e+00   2.097060887872e+02   2.137324465828e-17   6.650831771715e+01  -3.965250994619e-19  -1.325327502229e-16  -2.301649622084e-19   5.500000000000e+02  -5.916056182598e-18  -5.000000000000e+02   9.882331441738e-01  -1.739286693961e-19   1.529550677693e-01  -1.016347805181e-19
  2.600000000000e+00   2.097060887872e+02   2.185641485733e-17   6.650831771715e+01  -4.215557995733e-19  -1.325326833847e-16  -2.360285329329e-19   5.720000000000e+02  -7.110429180436e-18  -5.000000000000e+02   9.882331441738e-01  -1.959299009893e-19   1.529550677693e-01  -1.100261410401e-19
  2.700000000000e+00   2.097060887872e+02   2.213519227094e-17   6.650831771715e+01  -4.447819508153e-19  -1.325326149584e-16  -2.412809085828e-19   5.940000000000e+02  -8.481250721036e-18  -5.000000000000e+02   9.882331441738e-01  -2.191670407770e-19   1.529550677693e-01  -1.185065301749e-19
  2.800000000000e+00   2.097060887872e+02   2.220782542051e-17   6.650831771715e+01  -4.659123161067e-19  -1.325325450887e-16  -2.461330865181e-19   6.160000000000e+02  -1.004472653214e-17  -5.000000000000e+02   9.882331441738e-01  -2.435396234112e-19   1.529550677693e-01  -1.270659214547e-19
  2.900000000000e+00   2.097060887872e+02   2.207929002681e-17   6.650831771715e+01  -4.847177789668e-19  -1.325324738607e-16  -2.507905034307e-19   6.380000000000e+02  -1.181744647748e-17  -5.000000000000e+02   9.882331441738e-01  -2.689358936326e-19   1.529550677693e-01  -1.357065972146e-19
  3.000000000000e+00   2.097060887872e+02   2.176062106117e-17   6.650831771715e+01  -5.010372199500e-19  -1.325324013022e-16  -2.554470683246e-19   6.600000000000e+02  -1.381632562718e-17  -5.000000000000e+02   9.882331441738e-01  -2.952359678006e-19   1.529550677693e-01  -1.444422238838e-19
  3.100000000000e+00   2.097060887872e+02   2.126809244927e-17   6.650831771715e+01  -5.147803618686e-19  -1.325323273875e-16  -2.602800001622e-19   6.820000000000e+02  -1.605855097473e-17  -5.000000000000e+02   9.882331441738e-01  -3.223151677347e-19   1.529550677693e-01  -1.532966184948e-19
  3.200000000000e+00   2.097060887872e+02   2.062228385640e-17   6.650831771715e+01  -5.259277551889e-19  -1.325322520432e-16  -2.654455842000e-19   7.040000000000e+02  -1.856153436775e-17  -5.000000000000e+02   9.882331441738e-01  -3.500473875875e-19   1.529550677693e-01  -1.623022717352e-19
  3.300000000000e+00   2.097060887872e+02   1.984707466192e-17   6.650831771715e+01  -5.345281540051e-19  -1.325321751542e-16  -2.710759210886e-19   7.260000000000e+02  -2.134287204832e-17  -5.000000000000e+02   9.882331441738e-01  -3.783083656654e-19   1.529550677693e-01  -1.714986958860e-19
  3.400000000000e+00   2.097060887872e+02   1.896860452070e-17   6.650831771715e+01  -5.406935978221e-19  -1.325320965717e-16  -2.772767035318e-19   7.480000000000e+02  -2.442031101890e-17  -5.000000000000e+02   9.882331441738e-01  -4.069787475632e-19   1.529550677693e-01  -1.809306665091e-19
  3.500000000000e+00   2.097060887872e+02   1.801423794216e-17   6.650831771715e+01  -5.445925639222e-19  -1.325320161202e-16  -2.841260179656e-19   7.700000000000e+02  -2.781172227006e-17  -5.000000000000e+02   9.882331441738e-01  -4.359468439653e-19   1.529550677693e-01  -1.906464249160e-19
  3.600000000000e+00   2.097060887872e+02   1.701156725663e-17   6.650831771715e+01  -5.464415888554e-19  -1.325319336059e-16  -2.916741343975e-19   7.920000000000e+02  -3.153508073283e-17  -5.000000000000e+02   9.882331441738e-01  -4.651110052371e-19   1.529550677693e-01  -2.006959045398e-19
  3.700000000000e+00   2.097060887872e+02   1.598748437113e-17   6.650831771715e+01  -5.464957756656e-19  -1.325318488246e-16  -2.999442171629e-19   8.140000000000e+02  -3.560845165707e-17  -5.000000000000e+02   9.882331441738e-01  -4.943815547301e-19   1.529550677693e-01  -2.111290386103e-19
  3.800000000000e+00   2.097060887872e+02   1.496734704429e-17   6.650831771715e+01  -5.450386064296e-19  -1.325317615691e-16  -3.089338636054e-19   8.360000000000e+02  -4.004998297329e-17  -5.000000000000e+02   9.882331441738e-01  -5.236822428299e-19   1.529550677693e-01  -2.219941993504e-19
  3.900000000000e+00   2.097060887872e+02   1.397426024479e-17   6.650831771715e+01  -5.423714686027e-19  -1.325316716362e-16  -3.186173570664e-19   8.580000000000e+02  -4.487790307292e-17  -5.000000000000e+02   9.882331441738e-01  -5.529512034933e-19   1.529550677693e-01  -2.333368106089e-19
  4.000000000000e+00   2.097060887872e+02   1.302848770890e-17   6.650831771715e+01  -5.388032799841e-19  -1.325315788333e-16  -3.289485053705e-19   8.800000000000e+02  -5.011052334304e-17  -5.000000000000e+02   9.882331441738e-01  -5.821414137400e-19   1.529550677693e-01  -2.451981667918e-19
  4.100000000000e+00   2.097060887872e+02   1.214700328424e-17   6.650831771715e+01  -5.346405625793e-19  -1.325314829833e-16  -3.398639262864e-19   9.020000000000e+02  -5.576624471954e-17  -5.000000000000e+02   9.882331441738e-01  -6.112206737398e-19   1.529550677693e-01  -2.576144815109e-19
  4.200000000000e+00   2.097060887872e+02   1.134318623024e-17   6.650831771715e+01  -5.301782722372e-19  -1.325313839296e-16  -3.512866371398e-19   9.240000000000e+02  -6.186356747654e-17  -5.000000000000e+02   9.882331441738e-01  -6.401711403223e-19   1.529550677693e-01  -2.706161798769e-19
  4.300000000000e+00   2.097060887872e+02   1.062665951122e-17   6.650831771715e+01  -5.256916407953e-19  -1.325312815389e-16  -3.631298065604e-19   9.460000000000e+02  -6.842110345101e-17  -5.000000000000e+02   9.882331441738e-01  -6.689884595971e-19   1.529550677693e-01  -2.842274391497e-19
  4.400000000000e+00   2.097060887872e+02   1.000326541646e-17   6.650831771715e+01  -5.214292327635e-19  -1.325311757040e-16  -3.753005318456e-19   9.680000000000e+02  -7.545758990760e-17  -5.000000000000e+02   9.882331441738e-01  -6.976805546455e-19   1.529550677693e-01  -2.984659737995e-19
  4.500000000000e+00   2.097060887872e+02   9.475168694980e-18   6.650831771715e+01  -5.176073614864e-19  -1.325310663446e-16  -3.877035150611e-19   9.900000000000e+02  -8.299190427860e-17  -5.000000000000e+02   9.882331441738e-01  -7.262661318204e-19   1.529550677693e-01  -3.133430531850e-19
  4.600000000000e+00   2.097060887872e+02   9.041073896751e-18   6.650831771715e+01  -5.144059523237e-19  -1.325309534076e-16  -4.002445241339e-19   1.012000000000e+03  -9.104307906462e-17  -5.000000000000e+02   9.882331441738e-01  -7.547729740033e-19   1.529550677693e-01  -3.288637332064e-19
  4.700000000000e+00   2.097060887872e+02   8.696540832307e-18   6.650831771715e+01  -5.119658846103e-19  -1.325308368667e-16  -4.128335411109e-19   1.034000000000e+03  -9.963031625028e-17  -5.000000000000e+02   9.882331441738e-01  -7.832360912980e-19   1.529550677693e-01  -3.450272776000e-19
  4.800000000000e+00   2.097060887872e+02   8.434380036466e-18   6.650831771715e+01  -5.103877917272e-19  -1.325307167200e-16  -4.253875177084e-19   1.056000000000e+03  -1.087730006722e-16  -5.000000000000e+02   9.882331441738e-01  -8.116957992164e-19   1.529550677693e-01  -3.618277401040e-19
  4.900000000000e+00   2.097060887872e+02   8.245108857856e-18   6.650831771715e+01  -5.097322510140e-19  -1.325305929885e-16  -4.378326775121e-19   1.078000000000e+03  -1.184907118700e-16  -5.000000000000e+02   9.882331441738e-01  -8.401957916517e-19   1.529550677693e-01  -3.792546755944e-19
  5.000000000000e+00   2.097060887872e+02   8.117448277061e-18   6.650831771715e+01  -5.100212536933e-19  -1.325304657126e-16  -4.501063239496e-19   1.100000000000e+03  -1.288032340525e-16  -5.000000000000e+02   9.882331441738e-01  -8.687812711231e-19   1.529550677693e-01  -3.972939464650e-19
  5.100000000000e+00   2.097060887872e+02   8.038840741828e-18   6.650831771715e+01  -5.112408103560e-19  -1.325303349491e-16  -4.621581327595e-19   1.122000000000e+03  -1.397305639128e-16  -5.000000000000e+02   9.882331441738e-01  -8.974971922221e-19   1.529550677693e-01  -4.159285899700e-19
  5.200000000000e+00   2.097060887872e+02   7.995970136769e-18   6.650831771715e+01  -5.133445205000e-19  -1.325302007671e-16  -4.739509264722e-19   1.144000000000e+03  -1.512929161334e-16  -5.000000000000e+02   9.882331441738e-01  -9.263866662679e-19   1.529550677693e-01  -4.351397128772e-19
  5.300000000000e+00   2.097060887872e+02   7.975266399800e-18   6.650831771715e+01  -5.162579154231e-19  -1.325300632446e-16  -4.854609458368e-19   1.166000000000e+03  -1.635107265159e-16  -5.000000000000e+02   9.882331441738e-01  -9.554895662398e-19   1.529550677693e-01  -4.549073814853e-19
  5.400000000000e+00   2.097060887872e+02   7.963379167401e-18   6.650831771715e+01  -5.198833724655e-19  -1.325299224645e-16  -4.966776486996e-19   1.188000000000e+03  -1.764046527698e-16  -5.000000000000e+02   9.882331441738e-01  -9.848413615032e-19   1.529550677693e-01  -4.752114776956e-19
  5.500000000000e+00   2.097060887872e+02   7.947607076539e-18   6.650831771715e+01  -5.241053949521e-19  -1.325297785109e-16  -5.076030801884e-19   1.210000000000e+03  -1.899955730724e-16  -5.000000000000e+02   9.882331441738e-01  -1.014472202023e-18   1.529550677693e-01  -4.960324952398e-19
  5.600000000000e+00   2.097060887872e+02   7.916271868382e-18   6.650831771715e+01  -5.287960557058e-19  -1.325296314656e-16  -5.182508689055e-19   1.232000000000e+03  -2.043045825891e-16  -5.000000000000e+02   9.882331441738e-01  -1.044406262040e-18   1.529550677693e-01  -5.173522541725e-19
  5.700000000000e+00   2.097060887872e+02   7.859029122816e-18   6.650831771715e+01  -5.338204120221e-19  -1.325294814050e-16  -5.286449120214e-19   1.254000000000e+03  -2.193529882003e-16  -5.000000000000e+02   9.882331441738e-01  -1.074661343862e-18   1.529550677693e-01  -5.391545161690e-19
  5.800000000000e+00   2.097060887872e+02   7.767110200601e-18   6.650831771715e+01  -5.390417156725e-19  -1.325293283973e-16  -5.388178176132e-19   1.276000000000e+03  -2.351623017301e-16  -5.000000000000e+02   9.882331441738e-01  -1.105248733818e-18   1.529550677693e-01  -5.614254878301e-19
  5.900000000000e+00   2.097060887872e+02   7.633492685224e-18   6.650831771715e+01  -5.443262618607e-19  -1.325291725004e-16  -5.488091753478e-19   1.298000000000e+03  -2.517542320015e-16  -5.000000000000e+02   9.882331441738e-01  -1.136173294701e-18   1.529550677693e-01  -5.841542039301e-19
  6.000000000000e+00   2.097060887872e+02   7.452999211009e-18   6.650831771715e+01  -5.495477450654e-19  -1.325290137600e-16  -5.586637267792e-19   1.320000000000e+03  -2.691506760652e-16  -5.000000000000e+02   9.882331441738e-01  -1.167433772458e-18   1.529550677693e-01  -6.073327871724e-19
  6.100000000000e+00   2.097060887872e+02   7.222326960666e-18   6.650831771715e+01  -5.545910162605e-19  -1.325288522086e-16  -5.684295043134e-19   1.342000000000e+03  -2.873737099508e-16  -5.000000000000e+02   9.882331441738e-01  -1.199023289547e-18   1.529550677693e-01  -6.309565854050e-19
  6.200000000000e+00   2.097060887872e+02   6.940012249644e-18   6.650831771715e+01  -5.593551640362e-19  -1.325286878645e-16  -5.781560035470e-19   1.364000000000e+03  -3.064455792833e-16  -5.000000000000e+02   9.882331441738e-01  -1.230929993350e-18   1.529550677693e-01  -6.550241912603e-19
  6.300000000000e+00   2.097060887872e+02   6.606336435588e-18   6.650831771715e+01  -5.637558705931e-19  -1.325285207318e-16  -5.878924475211e-19   1.386000000000e+03  -3.263886900902e-16  -5.000000000000e+02   9.882331441738e-01  -1.263137825402e-18   1.529550677693e-01  -6.795373527189e-19
  6.400000000000e+00   2.097060887872e+02   6.223180862513e-18   6.650831771715e+01  -5.677270214689e-19  -1.325283508009e-16  -5.976861937977e-19   1.408000000000e+03  -3.472256000936e-16  -5.000000000000e+02   9.882331441738e-01  -1.295627375863e-18   1.529550677693e-01  -7.045007860753e-19
  6.500000000000e+00   2.097060887872e+02   5.793839649069e-18   6.650831771715e+01  -5.712215742869e-19  -1.325281780490e-16  -6.075813265244e-19   1.430000000000e+03  -3.689790107479e-16  -5.000000000000e+02   9.882331441738e-01  -1.328376787664e-18   1.529550677693e-01  -7.299219051436e-19
  6.600000000000e+00   2.097060887872e+02   5.322799850736e-18   6.650831771715e+01  -5.742117160319e-19  -1.325280024411e-16  -6.176174661907e-19   1.452000000000e+03  -3.916717602408e-16  -5.000000000000e+02   9.882331441738e-01  -1.361362675867e-18   1.529550677693e-01  -7.558104822624e-19
  6.700000000000e+00   2.097060887872e+02   4.815498872344e-18   6.650831771715e+01  -5.766883597089e-19  -1.325278239318e-16  -6.278288199624e-19   1.474000000000e+03  -4.153268176269e-16  -5.000000000000e+02   9.882331441738e-01  -1.394561030044e-18   1.529550677693e-01  -7.821782577180e-19
  6.800000000000e+00   2.097060887872e+02   4.278068997551e-18   6.650831771715e+01  -5.786600492487e-19  -1.325276424667e-16  -6.382434856619e-19   1.496000000000e+03  -4.399672782172e-16  -5.000000000000e+02   9.882331441738e-01  -1.427948070549e-18   1.529550677693e-01  -8.090385146372e-19
  6.900000000000e+00   2.097060887872e+02   3.717078563789e-18   6.650831771715e+01  -5.801513558357e-19  -1.325274579843e-16  -6.488830129754e-19   1.518000000000e+03  -4.656163602961e-16  -5.000000000000e+02   9.882331441738e-01  -1.461501033411e-18   1.529550677693e-01  -8.364056362237e-19
  7.000000000000e+00   2.097060887872e+02   3.139278681603e-18   6.650831771715e+01  -5.812008592723e-19  -1.325272704178e-16  -6.597622166025e-19   1.540000000000e+03  -4.922974031905e-16  -5.000000000000e+02   9.882331441738e-01  -1.495198862948e-18   1.529550677693e-01  -8.642946614889e-19
  7.100000000000e+00   2.097060887872e+02   2.551363519792e-18   6.650831771715e+01  -5.818588144949e-19  -1.325270796972e-16  -6.708892280571e-19   1.562000000000e+03  -5.200338666702e-16  -5.000000000000e+02   9.882331441738e-01  -1.529022795932e-18   1.529550677693e-01  -8.927208544233e-19
  7.200000000000e+00   2.097060887872e+02   1.959751101077e-18   6.650831771715e+01  -5.821846060274e-19  -1.325268857511e-16  -6.822657658981e-19   1.584000000000e+03  -5.488493316172e-16  -5.000000000000e+02   9.882331441738e-01  -1.562956826044e-18   1.529550677693e-01  -9.216992999404e-19
  7.300000000000e+00   2.097060887872e+02   1.370390328284e-18   6.650831771715e+01  -5.822440921886e-19  -1.325266885084e-16  -6.938875984468e-19   1.606000000000e+03  -5.787675018660e-16  -5.000000000000e+02   9.882331441738e-01  -1.596988042222e-18   1.529550677693e-01  -9.512445379993e-19
  7.400000000000e+00   2.097060887872e+02   7.885986409381e-19   6.650831771715e+01  -5.821069365913e-19  -1.325264879000e-16  -7.057451686374e-19   1.628000000000e+03  -6.098122070859e-16  -5.000000000000e+02   9.882331441738e-01  -1.631106839279e-18   1.529550677693e-01  -9.813702451471e-19
  7.500000000000e+00   2.097060887872e+02   2.189333378496e-19   6.650831771715e+01  -5.818440172698e-19  -1.325262838603e-16  -7.178243475962e-19   1.650000000000e+03  -6.420074065538e-16  -5.000000000000e+02   9.882331441738e-01  -1.665307003499e-18   1.529550677693e-01  -1.012088970424e-18
  7.600000000000e+00   2.097060887872e+02  -3.349017580697e-19   6.650831771715e+01  -5.815249941251e-19  -1.325260763282e-16  -7.301072818416e-19   1.672000000000e+03  -6.753771936488e-16  -5.000000000000e+02   9.882331441738e-01  -1.699585679987e-18   1.529550677693e-01  -1.043411930218e-18
  7.700000000000e+00   2.097060887872e+02  -8.701139260882e-19   6.650831771715e+01  -5.812161037891e-19  -1.325258652482e-16  -7.425732986026e-19   1.694000000000e+03  -7.099458008889e-16  -5.000000000000e+02   9.882331441738e-01  -1.733943231883e-18   1.529550677693e-01  -1.075348864341e-18
  7.800000000000e+00   2.097060887872e+02  -1.384844318265e-18   6.650831771715e+01  -5.809782380246e-19  -1.325256505712e-16  -7.551998345703e-19   1.716000000000e+03  -7.457376053289e-16  -5.000000000000e+02   9.882331441738e-01  -1.768383004470e-18   1.529550677693e-01  -1.107907953359e-18
  7.900000000000e+00   2.097060887872e+02  -1.878157824172e-18   6.650831771715e+01  -5.808653479267e-19  -1.325254322543e-16  -7.679633553102e-19   1.738000000000e+03  -7.827771341398e-16  -5.000000000000e+02   9.882331441738e-01  -1.802911009316e-18   1.529550677693e-01  -1.141095795194e-18
  8.000000000000e+00   2.097060887872e+02  -2.350002925722e-18   6.650831771715e+01  -5.809232020166e-19  -1.325252102617e-16  -7.808402354202e-19   1.760000000000e+03  -8.210890701998e-16  -5.000000000000e+02   9.882331441738e-01  -1.837535545125e-18   1.529550677693e-01  -1.174917437157e-18
  8.100000000000e+00   2.097060887872e+02  -2.801145214074e-18   6.650831771715e+01  -5.811885123099e-19  -1.325249845643e-16  -7.938075731523e-19   1.782000000000e+03  -8.606982575393e-16  -5.000000000000e+02   9.882331441738e-01  -1.872266772778e-18   1.529550677693e-01  -1.209376458056e-18
  8.200000000000e+00   2.097060887872e+02  -3.233078833750e-18   6.650831771715e+01  -5.816884290502e-19  -1.325247551392e-16  -8.068439174449e-19   1.804000000000e+03  -9.016297065016e-16  -5.000000000000e+02   9.882331441738e-01  -1.907116262229e-18   1.529550677693e-01  -1.244475093737e-18
  8.300000000000e+00   2.097060887872e+02  -3.647920523781e-18   6.650831771715e+01  -5.824403924350e-19  -1.325245219694e-16  -8.199298899444e-19   1.826000000000e+03  -9.439085985012e-16  -5.000000000000e+02   9.882331441738e-01  -1.942096528504e-18   1.529550677693e-01  -1.280214398507e-18
  8.400000000000e+00   2.097060887872e+02  -4.048291143161e-18   6.650831771715e+01  -5.834523186417e-19  -1.325242850433e-16  -8.330486894555e-19   1.848000000000e+03  -9.875602902839e-16  -5.000000000000e+02   9.882331441738e-01  -1.977220573043e-18   1.529550677693e-01  -1.316594434262e-18
  8.500000000000e+00   2.097060887872e+02  -4.437189605386e-18   6.650831771715e+01  -5.847230880663e-19  -1.325240443535e-16  -8.461864711513e-19   1.870000000000e+03  -1.032610317620e-15  -5.000000000000e+02   9.882331441738e-01  -2.012501445249e-18   1.529550677693e-01  -1.353614478878e-18
  8.600000000000e+00   2.097060887872e+02  -4.817864017105e-18   6.650831771715e+01  -5.862432960845e-19  -1.325237998960e-16  -8.593325976512e-19   1.892000000000e+03  -1.079084398383e-15  -5.000000000000e+02   9.882331441738e-01  -2.047951837222e-18   1.529550677693e-01  -1.391273245399e-18
  8.700000000000e+00   2.097060887872e+02  -5.193684536364e-18   6.650831771715e+01  -5.879962209706e-19  -1.325235516698e-16  -8.724797635700e-19   1.914000000000e+03  -1.127008434997e-15  -5.000000000000e+02   9.882331441738e-01  -2.083583722587e-18   1.529550677693e-01  -1.429569103897e-18
  8.800000000000e+00   2.097060887872e+02  -5.568022057394e-18   6.650831771715e+01  -5.899589598769e-19  -1.325232996750e-16  -8.856239992376e-19   1.936000000000e+03  -1.176408516246e-15  -5.000000000000e+02   9.882331441738e-01  -2.119408047996e-18   1.529550677693e-01  -1.468500298386e-18
  8.900000000000e+00   2.097060887872e+02  -5.944136315192e-18   6.650831771715e+01  -5.921036819875e-19  -1.325230439128e-16  -8.987645628736e-19   1.958000000000e+03  -1.227310918485e-15  -5.000000000000e+02   9.882331441738e-01  -2.155434483454e-18   1.529550677693e-01  -1.508065151954e-18
  9.000000000000e+00   2.097060887872e+02  -6.325076409505e-18   6.650831771715e+01  -5.943989479960e-19  -1.325227843839e-16  -9.119037335004e-19   1.980000000000e+03  -1.279742106276e-15  -5.000000000000e+02   9.882331441738e-01  -2.191671235202e-18   1.529550677693e-01  -1.548262254193e-18
  9.100000000000e+00   2.097060887872e+02  -6.713596100271e-18   6.650831771715e+01  -5.968110467953e-19  -1.325225210881e-16  -9.250465192327e-19   2.002000000000e+03  -1.333728732522e-15  -5.000000000000e+02   9.882331441738e-01  -2.228124922504e-18   1.529550677693e-01  -1.589090626049e-18
  9.200000000000e+00   2.097060887872e+02  -7.112085550937e-18   6.650831771715e+01  -5.993053035061e-19  -1.325222540233e-16  -9.382002972640e-19   2.024000000000e+03  -1.389297638167e-15  -5.000000000000e+02   9.882331441738e-01  -2.264800517441e-18   1.529550677693e-01  -1.630549858366e-18
  9.300000000000e+00   2.097060887872e+02  -7.522520517056e-18   6.650831771715e+01  -6.018473174887e-19  -1.325219831851e-16  -9.513744028811e-19   2.046000000000e+03  -1.446475851538e-15  -5.000000000000e+02   9.882331441738e-01  -2.301701344821e-18   1.529550677693e-01  -1.672640221538e-18
  9.400000000000e+00   2.097060887872e+02  -7.946429318064e-18   6.650831771715e+01  -6.044040945307e-19  -1.325217085662e-16  -9.645796851871e-19   2.068000000000e+03  -1.505290587415e-15  -5.000000000000e+02   9.882331441738e-01  -2.338829137484e-18   1.529550677693e-01  -1.715362744894e-18
  9.500000000000e+00   2.097060887872e+02  -8.384877310672e-18   6.650831771715e+01  -6.069450437131e-19  -1.325214301558e-16  -9.778280469496e-19   2.090000000000e+03  -1.565769245935e-15  -5.000000000000e+02   9.882331441738e-01  -2.376184140859e-18   1.529550677693e-01  -1.758719265489e-18
  9.600000000000e+00   2.097060887872e+02  -8.838468020415e-18   6.650831771715e+01  -6.094428162616e-19  -1.325211479399e-16  -9.911319851653e-19   2.112000000000e+03  -1.627939411391e-15  -5.000000000000e+02   9.882331441738e-01  -2.413765259421e-18   1.529550677693e-01  -1.802712447092e-18
  9.700000000000e+00   2.097060887872e+02  -9.307359597805e-18   6.650831771715e+01  -6.118739707230e-19  -1.325208619007e-16  -1.004504147616e-18   2.134000000000e+03  -1.691828851036e-15  -5.000000000000e+02   9.882331441738e-01  -2.451570236887e-18   1.529550677693e-01  -1.847345771045e-18
  9.800000000000e+00   2.097060887872e+02  -9.791294858106e-18   6.650831771715e+01  -6.142194558139e-19  -1.325205720170e-16  -1.017956918971e-18   2.156000000000e+03  -1.757465513952e-15  -5.000000000000e+02   9.882331441738e-01  -2.489595861526e-18   1.529550677693e-01  -1.892623501496e-18
  9.900000000000e+00   2.097060887872e+02  -1.028964284600e-17   6.650831771715e+01  -6.164649090418e-19  -1.325202782638e-16  -1.031502047950e-18   2.178000000000e+03  -1.824877530074e-15  -5.000000000000e+02   9.882331441738e-01  -2.527838187739e-18   1.529550677693e-01  -1.938550628163e-18
  1.000000000000e+01   2.097060887872e+02  -1.080144964212e-17   6.650831771715e+01  -6.186007754898e-19  -1.325199806131e-16  -1.045150324790e-18   2.200000000000e+03  -1.894093209408e-15  -5.000000000000e+02   9.882331441738e-01  -2.566292765270e-18   1.529550677693e-01  -1.985132790299e-18
