  Time[s]              u[ft/s]            v[ft/s]                w[ft/s]              p[rad/s]             q[rad/s]             r[rad/s]             x[ft]                y[ft]                z[ft]                e0                   ex                   ey                   ez
  0.000000000000e+00   2.103230421284e+02   0.000000000000e+00   6.453075197031e+01  -0.000000000000e+00   0.000000000000e+00   0.000000000000e+00   0.000000000000e+00   0.000000000000e+00  -5.000000000000e+02   9.889423208298e-01   0.000000000000e+00   1.483006610633e-01   0.000000000000e+00
  1.000000000000e-01   2.103090944313e+02   4.224123398892e-01   6.520814615780e+01  -8.222459439616e-02   5.110068627505e-03  -5.564872945901e-03   2.200932978445e+01   3.193689070647e-02  -4.999699709640e+02   9.889209437311e-01  -2.094180332337e-03   1.484285666495e-01   1.692729177137e-04
  2.000000000000e-01   2.102679331738e+02   4.113890806929e-01   6.594459701294e+01  -1.548027719707e-01   9.788588229504e-03  -1.036710046733e-02   4.403669138093e+01   1.261883086266e-01  -4.998832476329e+02   9.888352760755e-01  -8.052991027323e-03   1.487940701550e-01   6.577178735077e-04
  3.000000000000e-01   2.102008958426e+02  -9.154920086899e-03   6.672301462386e+01  -2.179484671741e-01   1.408139024632e-02  -1.480986009564e-02   6.608097918292e+01   2.794286287767e-01  -4.997453608070e+02   9.886276879878e-01  -1.739966794063e-02   1.493678328928e-01   1.422089630851e-03
  4.000000000000e-01   2.101096489401e+02  -8.045943720813e-01   6.752004596549e+01  -2.719557529616e-01   1.803093197795e-02  -1.927480966133e-02   8.814086462545e+01   4.870904339827e-01  -4.995623478699e+02   9.882198016098e-01  -2.967153107248e-02   1.501190745465e-01   2.401282643936e-03
  5.000000000000e-01   2.099961367259e+02  -1.930275809276e+00   6.830936479913e+01  -3.172109711880e-01   2.168662181494e-02  -2.410998429252e-02   1.102148439222e+02   7.434328872260e-01  -4.993405330681e+02   9.875263796439e-01  -4.442333977778e-02   1.510170851610e-01   3.518188539090e-03
  6.000000000000e-01   2.098625980838e+02  -3.332768168463e+00   6.906486221863e+01  -3.541997112727e-01   2.510967777349e-02  -2.961862327457e-02   1.323012895194e+02   1.041607338457e+00  -4.990862954928e+02   9.864660471077e-01  -6.123140683428e-02   1.520325074101e-01   4.682244807798e-03
  7.000000000000e-01   2.097116236223e+02  -4.951713205761e+00   6.976341518428e+01  -3.835077365136e-01   2.837337005484e-02  -3.604953475209e-02   1.543985020841e+02   1.373727200393e+00  -4.988058423488e+02   9.849688701370e-01  -7.969829355632e-02   1.531382731912e-01   5.792586881240e-03
  8.000000000000e-01   2.095462167713e+02  -6.722197088359e+00   7.038698458156e+01  -4.058153300264e-01   3.155980192554e-02  -4.358973067416e-02   1.765047599442e+02   1.730945162500e+00  -4.985050019176e+02   9.829809191761e-01  -9.945772573606e-02   1.543101340795e-01   6.741664010028e-03
  9.000000000000e-01   2.093698227045e+02  -8.577472277846e+00   7.092389493879e+01  -4.218851546261e-01   3.475456120590e-02  -5.235996322092e-02   1.986183632190e+02   2.103537124404e+00  -4.981890465419e+02   9.804660739890e-01  -1.201792696837e-01   1.555267870242e-01   7.419136932913e-03
  1.000000000000e+00   2.091862966999e+02  -1.045180276262e+01   7.136926194447e+01  -4.325444103455e-01   3.804059135345e-02  -6.241353173481e-02   2.207376703933e+02   2.480989547914e+00  -4.978625513773e+02   9.774054611022e-01  -1.415722948803e-01   1.567696555912e-01   7.715850062998e-03
  1.100000000000e+00   2.089997970321e+02  -1.228319340623e+01   7.172464335222e+01  -4.386626577547e-01   4.149247916922e-02  -7.373839117127e-02   2.428611257384e+02   2.852085601846e+00  -4.975292901274e+02   9.737950249860e-01  -1.633888154566e-01   1.580224337177e-01   7.527666681687e-03
  1.200000000000e+00   2.088146037028e+02  -1.401579221938e+01   7.199707605104e+01  -4.411270371907e-01   4.517206315731e-02  -8.626226409310e-02   2.649872766584e+02   3.204985487738e+00  -4.971921650733e+02   9.696418017072e-01  -1.854249248464e-01   1.592705260944e-01   6.758971870783e-03
  1.300000000000e+00   2.086348799121e+02  -1.560181082602e+01   7.219771452900e+01  -4.408167107936e-01   4.912588877730e-02  -9.986020338983e-02   2.871147806473e+02   3.527297389989e+00  -4.968531658485e+02   9.649594770058e-01  -2.075206876931e-01   1.605005234196e-01   5.325680538719e-03
  1.400000000000e+00   2.084644052112e+02  -1.700287742128e+01   7.234029927388e+01  -4.385782131248e-01   5.338464369964e-02  -1.143639063981e-01   3.092424020171e+02   3.806137150633e+00  -4.965133497898e+02   9.597637703176e-01  -2.295585018572e-01   1.616998326352e-01   3.157630821972e-03
  1.500000000000e+00   2.083063157628e+02  -1.819080308051e+01   7.243966164141e+01  -4.352030903612e-01   5.796436264366e-02  -1.295720453535e-01   3.313689988845e+02   4.028176577820e+00  -4.961728362853e+02   9.540681025844e-01  -2.514600689021e-01   1.628565464474e-01   2.002900073980e-04
  1.600000000000e+00   2.081628873560e+02  -1.914779564609e+01   7.251042422040e+01  -4.314088260392e-01   6.286894406163e-02  -1.452609326344e-01   3.534935010990e+02   4.179681900279e+00  -4.958308081157e+02   9.478798950184e-01  -2.731822009814e-01   1.639595900175e-01  -3.584254366218e-03
  1.700000000000e+00   2.080353912965e+02  -1.986619058683e+01   7.256599532235e+01  -4.278236703495e-01   6.809339162074e-02  -1.611949487915e-01   3.756148799065e+02   4.246545059878e+00  -4.954855140333e+02   9.411977259695e-01  -2.947117425780e-01   1.649991336391e-01  -8.217004955663e-03
  1.800000000000e+00   2.079240434629e+02  -2.034778540518e+01   7.261789509709e+01  -4.249756609669e-01   7.362717989634e-02  -1.771362934334e-01   3.977321102182e+02   4.214311216522e+00  -4.951342683943e+02   9.340094589812e-01  -3.160599015924e-01   1.659672158608e-01  -1.370241941538e-02
  1.900000000000e+00   2.078280546677e+02  -2.060286706790e+01   7.267539846474e+01  -4.232858679707e-01   7.945722547141e-02  -1.928537478427e-01   4.198441264304e+02   4.068206062840e+00  -4.947734452731e+02   9.262913578101e-01  -3.372562746400e-01   1.668584876339e-01  -2.002935560639e-02
  2.000000000000e+00   2.077457780062e+02  -2.064901572130e+01   7.274544243760e+01  -4.230657119441e-01   8.557009086714e-02  -2.081302486790e-01   4.419497728420e+02   3.793166418099e+00  -4.943984659261e+02   9.180081293105e-01  -3.583428259355e-01   1.676709682540e-01  -2.717250344773e-02
  2.100000000000e+00   2.076749379058e+02  -2.050975754306e+01   7.283272469115e+01  -4.245180781673e-01   9.195322552549e-02  -2.227691590577e-01   4.640477498544e+02   3.373877222548e+00  -4.940037796220e+02   9.091137838093e-01  -3.793680463203e-01   1.684066994401e-01  -3.509419633336e-02
  2.200000000000e+00   2.076129173775e+02  -2.021312865389e+01   7.293991559997e+01  -4.277418630229e-01   9.859522424467e-02  -2.365991882449e-01   4.861365572933e+02   2.794817603208e+00  -4.935828387001e+02   8.995531727410e-01  -4.003814847756e-01   1.690721941245e-01  -4.374648787457e-02
  2.300000000000e+00   2.075570752360e+02  -1.979020267841e+01   7.306791441747e+01  -4.327395267719e-01   1.054852342169e-01  -2.494779588769e-01   5.082144363596e+02   2.040318213178e+00  -4.931280692820e+02   8.892640507216e-01  -4.214288123096e-01   1.696785989789e-01  -5.307337847393e-02
  2.400000000000e+00   2.075050639357e+02  -1.927362755747e+01   7.321609767303e+01  -4.394271811842e-01   1.126117505277e-01  -2.612942560649e-01   5.302793118693e+02   1.094631597733e+00  -4.926308394331e+02   8.781795089799e-01  -4.425475482743e-01   1.702415208217e-01  -6.301308062592e-02
  2.500000000000e+00   2.074551208396e+02  -1.869621240630e+01   7.338252961688e+01  -4.476467079665e-01   1.199610986440e-01  -2.719690198542e-01   5.523287365651e+02  -5.798309062215e-02  -4.920814268256e+02   8.662306343573e-01  -4.637635513064e-01   1.707805026606e-01  -7.350022139211e-02
  2.600000000000e+00   2.074063105065e+02  -1.808960195464e+01   7.356412635768e+01  -4.571793843761e-01   1.275159109649e-01  -2.814551636926e-01   5.743598393536e+02  -1.433160152690e+00  -4.914689881679e+02   8.533492589452e-01  -4.850883498345e-01   1.713181710416e-01  -8.446789438592e-02
  2.700000000000e+00   2.073587020539e+02  -1.748307364688e+01   7.375678365911e+01  -4.677604861856e-01   1.352538693637e-01  -2.897363182459e-01   5.963692793339e+02  -3.046311813932e+00  -4.907815328795e+02   8.394706770464e-01  -5.065173590675e-01   1.718791088159e-01  -9.584949062831e-02
  2.800000000000e+00   2.073134728649e+02  -1.690249011947e+01   7.395549072614e+01  -4.790943445436e-01   1.431469178030e-01  -2.968246132255e-01   6.183532074176e+02  -4.912497362327e+00  -4.900059036997e+02   8.245362170436e-01  -5.280290015591e-01   1.724885334537e-01  -1.075802563554e-01
  2.900000000000e+00   2.072729369598e+02  -1.636943690459e+01   7.415445749989e+01  -4.908693501654e-01   1.511610620723e-01  -3.027576212163e-01   6.403072371925e+02  -7.046277965514e+00  -4.891277670949e+02   8.084955657261e-01  -5.495847164829e-01   1.731708786325e-01  -1.195985447708e-01
  3.000000000000e+00   2.072405024953e+02  -1.590057129877e+01   7.434728102838e+01  -5.027724231427e-01   1.592567814260e-01  -3.075945983642e-01   6.622264264399e+02  -9.461559067857e+00  -4.881316164034e+02   7.913087525240e-01  -5.711298090352e-01   1.739483850753e-01  -1.318467465163e-01
  3.100000000000e+00   2.072205675986e+02  -1.550720292532e+01   7.452716852934e+01  -5.145024977359e-01   1.673899920838e-01  -3.114121686118e-01   6.841052703813e+02  -1.217142324118e+01  -4.870007905545e+02   7.729477124609e-01  -5.925950570830e-01   1.748398055167e-01  -1.442718993123e-01
  3.200000000000e+00   2.072183668237e+02  -1.519511926937e+01   7.468722279312e+01  -5.257826089396e-01   1.755134352568e-01  -3.142996115876e-01   7.059377073062e+02  -1.518795733639e+01  -4.857175108534e+02   7.533973611760e-01  -6.138989591624e-01   1.758593190288e-01  -1.568259902897e-01
  3.300000000000e+00   2.072397819686e+02  -1.496466026162e+01   7.482078204818e+01  -5.363702135872e-01   1.835783191636e-01  -3.163539286201e-01   7.277171367281e+02  -1.852207864277e+01  -4.842629377026e+02   7.326561344999e-01  -6.349504786459e-01   1.770157331449e-01  -1.694659749140e-01
  3.400000000000e+00   2.072911310128e+02  -1.481103505934e+01   7.492179386092e+01  -5.460654367751e-01   1.915360281074e-01  -3.176748746178e-01   7.494364496653e+02  -2.218336538148e+01  -4.826172482306e+02   7.107359693805e-01  -6.556521160627e-01   1.783120300731e-01  -1.821535443829e-01
  3.500000000000e+00   2.073789479054e+02  -1.472486216321e+01   7.498519326859e+01  -5.547170076914e-01   1.993397209720e-01  -3.183601525165e-01   7.710880700759e+02  -2.617989712596e+01  -4.807597346949e+02   6.876617319500e-01  -6.759031278226e-01   1.797452878380e-01  -1.948546793974e-01
  3.600000000000e+00   2.075097642751e+02  -1.469290195309e+01   7.500725068052e+01  -5.622257387889e-01   2.069456720282e-01  -3.185009680668e-01   7.926640059489e+02  -3.051811057620e+01  -4.786689223058e+02   6.634701304905e-01  -6.956027070660e-01   1.813069805195e-01  -2.075390327324e-01
  3.700000000000e+00   2.076899022407e+02  -1.469893991710e+01   7.498585576990e+01  -5.685455066058e-01   2.143142518736e-01  -3.181781328413e-01   8.141559081100e+02  -3.520267549296e+01  -4.763227039297e+02   6.382081832570e-01  -7.146529521784e-01   1.829836359281e-01  -2.201791863782e-01
  3.800000000000e+00   2.079252857012e+02  -1.472477060175e+01   7.492070930356e+01  -5.736818056186e-01   2.214104975914e-01  -3.174588808584e-01   8.355551344929e+02  -4.023639456153e+01  -4.736984881086e+02   6.119313402544e-01  -7.329614704698e-01   1.847578058551e-01  -2.327498312734e-01
  3.900000000000e+00   2.082212759599e+02  -1.475122769649e+01   7.481340446629e+01  -5.776880595287e-01   2.282042708670e-01  -3.163945294966e-01   8.568528174918e+02  -4.562012960312e+01  -4.707733561054e+02   5.847013807950e-01  -7.504434970225e-01   1.866092849563e-01  -2.452269186638e-01
  4.000000000000e+00   2.085825363400e+02  -1.475920526833e+01   7.466739099682e+01  -5.806599771004e-01   2.346700442950e-01  -3.150190708450e-01   8.780399320653e+02  -5.135275502937e+01  -4.675242233347e+02   5.565842222786e-01  -7.670234488380e-01   1.885165003778e-01  -2.575868315838e-01
  4.100000000000e+00   2.090129295122e+02  -1.473061896014e+01   7.448782741263e+01  -5.827283225213e-01   2.407863851699e-01  -3.133487293446e-01   8.991073624951e+02  -5.743113790878e+01  -4.639280006000e+02   5.276477785028e-01  -7.826358783753e-01   1.904579859438e-01  -2.698056225025e-01
  4.200000000000e+00   2.095154504396e+02  -1.464926333090e+01   7.428133695928e+01  -5.840505261740e-01   2.465352211775e-01  -3.113824703938e-01   9.200459661061e+02  -6.385014264266e+01  -4.599617510026e+02   4.979599976739e-01  -7.972258342521e-01   1.924138521465e-01  -2.818583585443e-01
  4.300000000000e+00   2.100921969706e+02  -1.450153136548e+01   7.405569033758e+01  -5.848015874175e-01   2.519009746868e-01  -3.091033972492e-01   9.408466327651e+02  -7.060265716648e+01  -4.556028391486e+02   4.675871922381e-01  -8.107486764295e-01   1.943671659245e-01  -2.937186087949e-01
  4.400000000000e+00   2.107443790441e+02  -1.427697320073e+01   7.381944204302e+01  -5.851647172532e-01   2.568696448687e-01  -3.064809337999e-01   9.615003395568e+02  -7.767963688707e+01  -4.508290702477e+02   4.365927468814e-01  -8.231694255916e-01   1.963051616149e-01  -3.053580992577e-01
  4.500000000000e+00   2.114723661152e+02  -1.396868201929e+01   7.358154728238e+01  -5.853221399337e-01   2.614279038313e-01  -3.034736608964e-01   9.819982006292e+02  -8.507016227393e+01  -4.456188177539e+02   4.050362604156e-01  -8.344617497250e-01   1.982202156551e-01  -3.167465505191e-01
  4.600000000000e+00   2.122757707679e+02  -1.357350480874e+01   7.335098348825e+01  -5.854464253122e-01   2.655622585986e-01  -3.000326544466e-01   1.002331512747e+03  -9.276150613099e+01  -4.399511392271e+02   3.729731448107e-01  -8.446067043983e-01   2.001105316795e-01  -3.278517018580e-01
  4.700000000000e+00   2.131535646220e+02  -1.309208360694e+01   7.313639540451e+01  -5.856926656111e-01   2.692583185339e-01  -2.961051636295e-01   1.022491797562e+03  -1.007392070299e+02  -4.338058809950e+02   3.404546731311e-01  -8.535913472839e-01   2.019804987269e-01  -3.386395142679e-01
  4.800000000000e+00   2.141042207231e+02  -1.252873870259e+01   7.294577671478e+01  -5.861917484297e-01   2.725001998191e-01  -2.916384654577e-01   1.042470841960e+03  -1.089871461080e+02  -4.271637729004e+02   3.075284397880e-01  -8.614073432355e-01   2.038407025497e-01  -3.490745345827e-01
  4.900000000000e+00   2.151258748022e+02  -1.189120915430e+01   7.278619533608e+01  -5.870449179008e-01   2.752700953257e-01  -2.865837352729e-01   1.062260738071e+03  -1.174876253288e+02  -4.200065148785e+02   2.742391728207e-01  -8.680496653282e-01   2.057075877923e-01  -3.591203944073e-01
  5.000000000000e+00   2.162164963226e+02  -1.119026831431e+01   7.266356469561e+01  -5.883197615811e-01   2.775480386332e-01  -2.808997793854e-01   1.081853924610e+03  -1.262214462808e+02  -4.123168573170e+02   2.406298196303e-01  -8.735154814319e-01   2.076027864577e-01  -3.687404114892e-01
  5.100000000000e+00   2.173740592792e+02  -1.043923332112e+01   7.258246012467e+01  -5.900477133737e-01   2.793118928983e-01  -2.745564842819e-01   1.101243231137e+03  -1.351679895546e+02  -4.040786771095e+02   2.067428148895e-01  -8.778032966926e-01   2.095521450216e-01  -3.778982578507e-01
  5.200000000000e+00   2.185967024267e+02  -9.653388301135e+00   7.254597814815e+01  -5.922231219430e-01   2.805375959418e-01  -2.675378457152e-01   1.120421926667e+03  -1.443052956324e+02  -3.952770510517e+02   1.726214320201e-01  -8.809124010430e-01   2.115844981994e-01  -3.865586584622e-01
  5.300000000000e+00   2.198828690893e+02  -8.849341757277e+00   7.255563678066e+01  -5.948038975003e-01   2.811996894449e-01  -2.598444505262e-01   1.139383773689e+03  -1.536101489646e+02  -3.858983277780e+02   1.383111172639e-01  -8.828426484961e-01   2.137302511167e-01  -3.946880861842e-01
  5.400000000000e+00   2.212314179385e+02  -8.044339635121e+00   7.261131652229e+01  -5.977137142331e-01   2.812721502348e-01  -2.514952950569e-01   1.158123088254e+03  -1.630581674660e+02  -3.759301988422e+02   1.038607075710e-01  -8.835945721842e-01   2.160198428581e-01  -4.022554225996e-01
  5.500000000000e+00   2.226416980759e+02  -7.255556972055e+00   7.271124393360e+01  -6.008457073832e-01   2.807295240164e-01  -2.425288380200e-01   1.176634806226e+03  -1.726238999867e+02  -3.653617688563e+02   6.932344002002e-02  -8.831698164259e-01   2.184821724018e-01  -4.092325594804e-01
  5.600000000000e+00   2.241135842661e+02  -6.499392773420e+00   7.285202171606e+01  -6.040675597685e-01   2.795483367569e-01  -2.330032045992e-01   1.194914555192e+03  -1.822809343762e+02  -3.541836238590e+02   3.475767116919e-02  -8.815718450995e-01   2.211430721782e-01  -4.155949212098e-01
  5.700000000000e+00   2.256474710334e+02  -5.790794552369e+00   7.302871040810e+01  -6.072278203414e-01   2.777087280626e-01  -2.229954843225e-01   1.212958730879e+03  -1.920020185347e+02  -3.423878963608e+02   2.272396436140e-04  -8.788068650240e-01   2.240239143155e-01  -4.213218938159e-01
  5.800000000000e+00   2.272442273063e+02  -5.142640383041e+00   7.323496654748e+01  -6.101632370873e-01   2.751962177042e-01  -2.126000993067e-01   1.230764576254e+03  -2.017591963400e+02  -3.299683248485e+02  -3.419857559032e-02  -8.748848849308e-01   2.271404296589e-01  -4.263971508436e-01
  5.900000000000e+00   2.289051160985e+02  -4.565206808094e+00   7.346324011910e+01  -6.127068207538e-01   2.720034856615e-01  -2.019262622795e-01   1.248330260900e+03  -2.115239595446e+02  -3.169203050134e+02  -6.844552560254e-02  -8.698208162962e-01   2.305018096319e-01  -4.308088698505e-01
  6.000000000000e+00   2.306316860848e+02  -4.065749942693e+00   7.370503030703e+01  -6.146962899564e-01   2.681320230145e-01  -1.910945942972e-01   1.265654957767e+03  -2.212674157126e+02  -3.032409296376e+02  -1.024352881888e-01  -8.636355133817e-01   2.341101461019e-01  -4.345498359312e-01
  6.100000000000e+00   2.324256436510e+02  -3.648224134626e+00   7.395119337020e+01  -6.159824901631e-01   2.635935008992e-01  -1.802330274727e-01   1.282738914077e+03  -2.309604710609e+02  -2.889290140068e+02  -1.360867595721e-01  -8.563566478623e-01   2.379602451240e-01  -4.376174306930e-01
  6.200000000000e+00   2.342887149176e+02  -3.313157272019e+00   7.419229057063e+01  -6.164373385664e-01   2.584107114859e-01  -1.694721736814e-01   1.299583513076e+03  -2.405740257939e+02  -2.739851039382e+02  -1.693176804368e-01  -8.480193197155e-01   2.420398277738e-01  -4.400135070748e-01
  6.300000000000e+00   2.362225073049e+02  -3.057694269064e+00   7.441895844616e+01  -6.159608336594e-01   2.526179602782e-01  -1.589403901054e-01   1.316191323491e+03  -2.500791782911e+02  -2.584114640407e+02  -2.020465082933e-01  -8.386663212408e-01   2.463301066947e-01  -4.417441528908e-01
  6.400000000000e+00   2.382283794751e+02  -2.875810762542e+00   7.462227936228e+01  -6.144866902913e-01   2.462608317525e-01  -1.487588100070e-01   1.332566133999e+03  -2.594474334534e+02  -2.422120446316e+02  -2.341944257220e-01  -8.283479948602e-01   2.508067023042e-01  -4.428193494589e-01
  6.500000000000e+00   2.403073270900e+02  -2.758688341061e+00   7.479412809878e+01  -6.119862221103e-01   2.393953061781e-01  -1.390366262001e-01   1.348712970690e+03  -2.686509097725e+02  -2.253924267568e+02  -2.656873592591e-01  -8.171216562695e-01   2.554408398781e-01  -4.432525362980e-01
  6.600000000000e+00   2.424598899827e+02  -2.695231721670e+00   7.492747081370e+01  -6.084701923394e-01   2.320862673849e-01  -1.298669109900e-01   1.364638096374e+03  -2.776625393486e+02  -2.079597459130e+02  -2.964578787885e-01  -8.050505899770e-01   2.602007499906e-01  -4.430600984316e-01
  6.700000000000e+00   2.446860843076e+02  -2.672698347054e+00   7.501659619992e+01  -6.039884837980e-01   2.244055007812e-01  -1.213232282769e-01   1.380348991593e+03  -2.864562552017e+02  -1.899225962238e+02  -3.264468535190e-01  -7.922026608332e-01   2.650531817620e-01  -4.422607987058e-01
  6.800000000000e+00   2.469853612402e+02  -2.677403014679e+00   7.505726462099e+01  -5.986275879619e-01   2.164293295531e-01  -1.134572427642e-01   1.395854318134e+03  -2.950071608028e+02  -1.712909178644e+02  -3.556047578271e-01  -7.786486189455e-01   2.699649322765e-01  -4.408751828084e-01
  6.900000000000e+00   2.493565920524e+02  -2.695455236939e+00   7.504676863908e+01  -5.925060654889e-01   2.082360678499e-01  -1.062974626030e-01   1.411163866774e+03  -3.032916777307e+02  -1.520758713488e+02  -3.838925468687e-01  -7.644602027124e-01   2.749042968689e-01  -4.389249883432e-01
  7.000000000000e+00   2.517980780047e+02  -2.713485545370e+00   7.498390650179e+01  -5.857682711645e-01   1.999034790341e-01  -9.984917255534e-02   1.426288491638e+03  -3.112876686247e+02  -1.322897028081e+02  -4.112820551206e-01  -7.497081626457e-01   2.798423534716e-01  -4.364325904685e-01
  7.100000000000e+00   2.543075825123e+02  -2.719318910547e+00   7.486887764904e+01  -5.785767507545e-01   1.915064145890e-01  -9.409553317989e-02   1.441240034044e+03  -3.189745340200e+02  -1.119456045680e+02  -4.377559072849e-01  -7.344603354610e-01   2.847540088633e-01  -4.334205146802e-01
  7.200000000000e+00   2.568823824165e+02  -2.702558442967e+00   7.470311512695e+01  -5.711037958927e-01   1.831147784330e-01  -8.899974569623e-02   1.456031238867e+03  -3.263332830643e+02  -9.105757516830e+01  -4.633069664592e-01  -7.187798932571e-01   2.896187539311e-01  -4.299110422188e-01
  7.300000000000e+00   2.595193348325e+02  -2.655049844335e+00   7.448907330966e+01  -5.635226811144e-01   1.747919182495e-01  -8.450811859726e-02   1.470675666362e+03  -3.333465793894e+02  -6.964028252411e+01  -4.879373756771e-01  -7.027238775226e-01   2.944210970718e-01  -4.259259257236e-01
  7.400000000000e+00   2.622149558376e+02  -2.571205812302e+00   7.422999034707e+01  -5.559991048637e-01   1.665934973536e-01  -8.055382504455e-02   1.485187602122e+03  -3.399987644361e+02  -4.770893325503e+01  -5.116572732472e-01  -6.863421043076e-01   2.991506676907e-01  -4.214862230385e-01
  7.500000000000e+00   2.649655071222e+02  -2.448178888563e+00   7.392964354036e+01  -5.486833183467e-01   1.585668546967e-01  -7.706111137270e-02   1.499581967338e+03  -3.462758612555e+02  -2.527915041731e+01  -5.344832782499e-01  -6.696764979484e-01   3.038020036083e-01  -4.166122466386e-01
  7.600000000000e+00   2.677670865858e+02  -2.285880334968e+00   7.359211300294e+01  -5.417033598402e-01   1.507508224469e-01  -7.394970622301e-02   1.513874231012e+03  -3.521655621920e+02  -2.366861040619e+00  -5.564368497468e-01  -6.527608792121e-01   3.083740555671e-01  -4.113236162607e-01
  7.700000000000e+00   2.706157187462e+02  -2.086850979947e+00   7.322156527382e+01  -5.351597259794e-01   1.431759434573e-01  -7.113918490000e-02   1.528080325197e+03  -3.576572039373e+02   2.101180591778e+01  -5.775426223182e-01  -6.356212023978e-01   3.128694578380e-01  -4.056393940849e-01
  7.800000000000e+00   2.735074407777e+02  -1.855997264349e+00   7.282206478995e+01  -5.291217138878e-01   1.358650156195e-01  -6.855306161507e-02   1.542216563813e+03  -3.627417332510e+02   4.484061127220e+01  -5.978268127867e-01  -6.182762070996e-01   3.172936254399e-01  -3.995782760715e-01
  7.900000000000e+00   2.764383801074e+02  -1.600211774410e+00   7.239741790790e+01  -5.236255658874e-01   1.288338851739e-01  -6.612241027959e-02   1.556299565155e+03  -3.674116662590e+02   6.910328756952e+01  -6.173157800391e-01  -6.007384257019e-01   3.216537453742e-01  -3.931588102273e-01
  8.000000000000e+00   2.794048198592e+02  -1.327902339186e+00   7.195105184297e+01  -5.186744474927e-01   1.220924136743e-01  -6.378884964228e-02   1.570346177878e+03  -3.716610437152e+02   9.378361229190e+01  -6.360348034153e-01  -5.830154683331e-01   3.259577315079e-01  -3.863996126971e-01
  8.100000000000e+00   2.824032491131e+02  -1.048457303115e+00   7.148592951566e+01  -5.142401934899e-01   1.156455500627e-01  -6.150676855721e-02   1.584373410041e+03  -3.754853840305e+02   1.188654734854e+02  -6.540071266897e-01  -5.651114935328e-01   3.302132105494e-01  -3.793195553203e-01
  8.200000000000e+00   2.854303959481e+02  -7.716768756071e-01   7.100450064947e+01  -5.102666690269e-01   1.094944471193e-01  -5.924471026601e-02   1.598398360725e+03  -3.788816352712e+02   1.443329290466e+02  -6.712532954684e-01  -5.470287654916e-01   3.344266004013e-01  -3.719379030688e-01
  8.300000000000e+00   2.884832425167e+02  -5.072014949035e-01   7.050868916062e+01  -5.066745149465e-01   1.036375682626e-01  -5.698587940911e-02   1.612438153752e+03  -3.818481267754e+02   1.701702608162e+02  -6.877907967908e-01  -5.287691973209e-01   3.386023326379e-01  -3.642743859018e-01
  8.400000000000e+00   2.915590228276e+02  -2.639678736174e-01   6.999991647783e+01  -5.033669810285e-01   9.807173544021e-02  -5.472778082519e-02   1.626509873166e+03  -3.843845205477e+02   1.963620244338e+02  -7.036339916078e-01  -5.103357841689e-01   3.427422587000e-01  -3.563491962964e-01
  8.500000000000e+00   2.946552053338e+02  -4.972174880815e-02   6.947915955350e+01  -5.002364993594e-01   9.279307209402e-02  -5.248104375116e-02   1.640630500325e+03  -3.864917622089e+02   2.228930956479e+02  -7.187943142107e-01  -4.917338397407e-01   3.468452654557e-01  -3.481829104263e-01
  8.600000000000e+00   2.977694636494e+02   1.293867186650e-01   6.894704077551e+01  -4.971716149703e-01   8.779779828677e-02  -5.026752722663e-02   1.654816852692e+03  -3.881720310039e+02   2.497487134595e+02  -7.332806982162e-01  -4.729719643742e-01   3.509071109627e-01  -3.397963371817e-01
  8.700000000000e+00   3.008996395790e+02   2.691034690681e-01   6.840394479138e+01  -4.940638745166e-01   8.308283986136e-02  -4.811784042838e-02   1.669085524677e+03  -3.894286882347e+02   2.769145201660e+02  -7.471001769924e-01  -4.540626915721e-01   3.549204765282e-01  -3.312103046191e-01
  8.800000000000e+00   3.040437030249e+02   3.672514369341e-01   6.785015467861e+01  -4.908142782883e-01   7.864622158742e-02  -4.606844311386e-02   1.683452831126e+03  -3.902662234718e+02   3.043765980693e+02  -7.602585981125e-01  -4.350227818363e-01   3.588752174249e-01  -3.224453978334e-01
  8.900000000000e+00   3.071997131891e+02   4.237832616452e-01   6.728599738383e+01  -4.873389276860e-01   7.448722653878e-02  -4.415851404616e-02   1.697934754264e+03  -3.906901980131e+02   3.321215023736e+02  -7.727613871411e-01  -4.158731565829e-01   3.627587827492e-01  -3.135216655482e-01
  9.000000000000e+00   3.103657848558e+02   4.407050429067e-01   6.671198643913e+01  -4.835735496662e-01   7.060632024166e-02  -4.242678711772e-02   1.712546895070e+03  -3.907071852889e+02   3.601362896262e+02  -7.846142962713e-01  -3.966384893450e-01   3.665567656305e-01  -3.044583148980e-01
  9.100000000000e+00   3.135400625321e+02   4.218784235600e-01   6.612894913646e+01  -4.794766499729e-01   6.700485707963e-02  -4.090855435870e-02   1.727304430080e+03  -3.903247082186e+02   3.884085409880e+02  -7.958240781832e-01  -3.773464947359e-01   3.702535388733e-01  -2.952734148666e-01
  9.200000000000e+00   3.167207040178e+02   3.727160236562e-01   6.553812593299e+01  -4.750311346197e-01   6.368460573034e-02  -3.963302147383e-02   1.742222074617e+03  -3.895511738838e+02   4.169263796521e+02  -8.063990347653e-01  -3.580269760101e-01   3.738329284483e-01  -2.859836286158e-01
  9.300000000000e+00   3.199058737555e+02   2.997920584853e-01   6.494123196056e+01  -4.702443384941e-01   6.064714725798e-02  -3.862117548984e-02   1.757314053237e+03  -3.883958062452e+02   4.456784818713e+02  -8.163494033238e-01  -3.387107079193e-01   3.772788780922e-01  -2.766039934225e-01
  9.400000000000e+00   3.230937452456e+02   2.103952804471e-01   6.434047393611e+01  -4.651465040244e-01   5.789321124077e-02  -3.788428718846e-02   1.772594077961e+03  -3.868685779497e+02   4.746540812811e+02  -8.256875584809e-01  -3.194282416157e-01   3.805760624135e-01  -2.671477641360e-01
  9.500000000000e+00   3.262825110322e+02   1.120547483161e-01   6.373852008633e+01  -4.597878537227e-01   5.542202003660e-02  -3.742312597421e-02   1.788075334481e+03  -3.849801425112e+02   5.038429665046e+02  -8.344280246787e-01  -3.002087217777e-01   3.837104128446e-01  -2.576263320254e-01
  9.600000000000e+00   3.294703983189e+02   1.207008999396e-02   6.313842532026e+01  -4.542344903901e-01   5.323070819146e-02  -3.722791515436e-02   1.803770476137e+03  -3.827417682690e+02   5.332354723532e+02  -8.425873104781e-01  -2.810788026910e-01   3.866695298584e-01  -2.480492257904e-01
  9.700000000000e+00   3.326556881518e+02  -8.292316080467e-02   6.254351817530e+01  -4.485634311756e-01   5.131387359168e-02  -3.727900509735e-02   1.819691625031e+03  -3.801652755182e+02   5.628224652679e+02  -8.501835901389e-01  -2.620617400857e-01   3.894429652490e-01  -2.384241956733e-01
  9.800000000000e+00   3.358367362368e+02  -1.673257527100e-01   6.195725947414e+01  -4.428571315997e-01   4.966330094634e-02  -3.754819409650e-02   1.835850379287e+03  -3.772629780623e+02   5.925953239385e+02  -8.572362690473e-01  -2.431767200530e-01   3.920223690918e-01  -2.287573754639e-01
  9.900000000000e+00   3.390119937414e+02  -2.368619831377e-01   6.138308478823e+01  -4.371978802144e-01   4.826787904502e-02  -3.800058525376e-02   1.852257825098e+03  -3.740476301812e+02   6.225459162666e+02  -8.637654765776e-01  -2.244384667188e-01   3.944015063803e-01  -2.190535112624e-01
  1.000000000000e+01   3.421800267554e+02  -2.887658998887e-01   6.082424356192e+01  -4.316624430506e-01   4.711371371524e-02  -3.859683487637e-02   1.868924552028e+03  -3.705323796706e+02   6.526665739831e+02  -8.697915326097e-01  -2.058571482028e-01   3.965761575198e-01  -2.093162406920e-01
